79
94
98
99
100
101
104
110
111
112
113
114
116
117
124
129
130
133
144
145
156
199
200
207
210
211
226
230
235
236
250
257
261
269
270
272
285
297
298
302
310
314
323
329
332
333
337
339
341
364
365
366
385
386
388
399
404
417
419
426
428
430
431
437
449
463
472
490
499
501
505
508
513
514
515
529
530
536
538
543
545
547
549
559
563
565
572
582
589
590
606
617
623
637
642
652
653
655
662
663
666
669
671
672
676
684
685
687
690
694
695
711
721
733
737
742
743
749
753
765
778
783
785
787
797
802
814
827
834
839
841
851
863
865
872
886
897
924
928
934
938
947
951
959
965
968
971
979
987
988
993
1020
1022
1026
1028
1034
1036
1038
1042
1080
1102
1110
1120
1123
1145
1161
1192
1202
1203
1214
1233
1236
1242
1245
1254
1257
1261
1267
1273
1302
1305
1306
1315
1319
1325
1339
1361
1367
1372
1373
1376
1377
1379
1382
1391
1430
1443
1448
1457
1462
1466
1469
1483
1485
1490
1506
1516
1519
1522
1530
1559
1568
1600
1612
1625
1631
1644
1660
1666
1676
1722
1724
1740
1743
1766
1778
1810
1820
1858
1905
1916
1932
1938
1948
1970
1971
1973
1992
1993
2003
2049
2092
2096
2097
2101
2123
2127
2192
2204
2246
2265
2277
2307
2313
2316
2322
2328
2331
2359
2360
2368
2378
2385
2415
2440
2445
2458
2467
2476
2477
2479
2492
2493
2538
2556
2581
2596
2641
2646
2658
2685
2689
2764
2773
2791
2792
2846
2852
2858
2867
2872
2876
2920
2925
2973
3004
3067
3123
3157
3203
3235
3241
3249
3310
3313
3319
3327
3331
3367
3372
3373
3383
3387
3419
3425
3481
3486
3493
3515
3528
3535
3544
3553
3558
3559
3562
3575
3585
3590
3593
3607
3619
3710
3715
3772
3786
3812
3831
3841
3879
3910
3939
3949
3973
