1
3
4
5
6
7
8
9
10
11
15
16
17
18
20
21
22
23
24
25
26
27
31
33
35
39
41
42
45
48
49
50
53
54
55
56
61
62
71
72
73
75
76
79
90
93
97
100
105
121
122
124
127
134
135
139
140
146
151
152
155
159
162
164
168
171
179
186
189
199
200
203
206
207
209
213
215
221
227
232
234
235
238
239
240
253
268
278
280
283
295
300
322
337
347
355
357
376
378
380
395
398
402
408
416
417
424
437
438
443
452
460
494
503
523
525
540
560
581
609
630
636
658
662
692
694
706
719
721
735
739
743
766
844
848
871
875
887
900
904
921
967
973
977
981
987
992
994
1008
1029
1042
1048
1081
1115
1143
1177
1192
1209
1223
1232
1235
1279
1296
1353
1438
1451
1541
1611
1625
1749
1813
1823
1832
1839
1884
1943
1944
1963
2054
2063
2116
2145
2291
2318
2354
2366
2380
2385
2706
2742
2926
2965
3076
3106
3203
3301
3413
3433
3953
