11
44
45
55
122
134
135
179
253
280
316
321
324
330
334
358
376
397
402
409
410
420
435
452
455
484
502
517
527
555
561
581
605
611
621
624
625
630
632
646
649
659
670
678
680
714
738
757
763
765
767
768
769
781
807
826
846
857
860
861
870
871
881
910
921
936
942
945
948
954
955
969
976
984
991
1005
1007
1013
1024
1029
1053
1054
1055
1058
1081
1090
1130
1144
1147
1167
1183
1196
1199
1217
1221
1247
1253
1262
1282
1296
1323
1326
1328
1330
1338
1353
1363
1382
1383
1386
1388
1400
1402
1403
1405
1414
1432
1433
1465
1481
1488
1505
1509
1520
1526
1529
1536
1537
1541
1546
1558
1561
1564
1567
1578
1580
1585
1589
1605
1642
1647
1648
1663
1665
1671
1673
1675
1686
1689
1702
1703
1705
1708
1710
1713
1717
1727
1733
1736
1739
1753
1754
1764
1775
1785
1788
1792
1794
1798
1802
1824
1827
1833
1838
1846
1850
1864
1874
1877
1881
1899
1903
1921
1927
1936
1946
1953
1962
1963
1968
1969
1974
1975
1989
1996
2007
2027
2029
2030
2037
2038
2064
2071
2078
2086
2087
2091
2098
2116
2126
2131
2132
2136
2139
2141
2144
2160
2170
2171
2178
2182
2193
2195
2202
2207
2208
2214
2216
2224
2233
2234
2241
2244
2259
2263
2268
2271
2279
2285
2294
2310
2311
2323
2333
2335
2340
2350
2357
2358
2366
2375
2383
2384
2389
2405
2406
2410
2412
2422
2429
2434
2436
2439
2448
2449
2457
2472
2486
2497
2498
2499
2517
2522
2528
2530
2541
2542
2548
2551
2554
2557
2560
2561
2566
2567
2571
2573
2576
2578
2587
2589
2591
2592
2598
2599
2600
2601
2607
2611
2616
2645
2656
2659
2663
2673
2680
2697
2706
2708
2712
2734
2745
2789
2790
2800
2811
2813
2818
2829
2834
2835
2842
2844
2847
2856
2864
2868
2870
2871
2892
2895
2897
2900
2910
2918
2931
2938
2939
2952
2957
2966
2967
2971
3002
3012
3014
3016
3022
3035
3049
3068
3074
3075
3081
3085
3086
3088
3091
3106
3107
3111
3119
3125
3139
3170
3189
3192
3205
3207
3216
3218
3219
3221
3228
3229
3244
3260
3273
3281
3282
3291
3292
3296
3301
3302
3326
3348
3357
3362
3397
3402
3413
3424
3434
3439
3440
3449
3457
3458
3462
3474
3476
3487
3496
3506
3511
3523
3534
3542
3545
3547
3555
3557
3572
3576
3587
3588
3600
3605
3627
3628
3630
3633
3635
3638
3645
3675
3680
3681
3684
3689
3691
3695
3711
3720
3723
3724
3727
3730
3732
3745
3752
3763
3767
3776
3780
3781
3785
3789
3796
3800
3806
3810
3816
3849
3851
3854
3858
3868
3891
3897
3914
3919
3927
3946
3947
3948
3952
3971
3974
