133
207
210
261
269
277
310
323
329
332
399
444
499
505
547
631
684
685
743
753
765
785
787
797
802
834
841
847
851
882
886
913
924
928
947
990
997
1042
1059
1129
1135
1136
1153
1168
1192
1203
1245
1298
1311
1319
1334
1361
1368
1377
1462
1466
1489
1494
1514
1548
1557
1579
1584
1591
1615
1632
1697
1719
1724
1728
1761
1782
1786
1791
1810
1820
1857
1916
1928
1971
1976
2039
2045
2050
2065
2076
2077
2092
2093
2097
2101
2115
2123
2127
2192
2203
2204
2242
2246
2247
2285
2290
2297
2307
2316
2328
2359
2360
2368
2371
2374
2392
2421
2467
2473
2477
2479
2492
2493
2497
2508
2577
2603
2608
2642
2646
2662
2685
2699
2714
2737
2858
2876
2924
2959
2976
2977
3015
3017
3108
3112
3123
3203
3241
3243
3244
3286
3310
3311
3341
3342
3377
3383
3385
3387
3419
3435
3481
3493
3528
3530
3532
3534
3535
3543
3547
3594
3600
3604
3607
3608
3613
3615
3620
3650
3656
3710
3787
3807
3812
3887
3898
3910
3924
3928
3970
3977
