1
3
5
7
8
10
11
12
17
19
21
23
30
31
34
37
39
40
42
46
48
49
50
51
52
53
56
57
59
65
69
70
79
84
94
96
98
103
105
116
121
122
123
124
125
126
127
134
139
146
149
150
151
155
162
188
199
200
204
207
208
209
210
212
221
230
239
240
241
253
256
265
269
279
284
287
289
295
297
300
322
332
343
346
348
357
370
375
380
381
395
399
412
424
432
438
449
450
460
465
480
486
489
490
516
518
529
588
621
622
631
636
641
642
645
647
686
688
706
714
718
735
752
759
765
767
782
797
801
802
826
827
829
875
878
887
895
898
935
968
981
986
1004
1010
1048
1059
1109
1125
1146
1155
1188
1192
1197
1203
1229
1234
1235
1244
1254
1268
1383
1394
1411
1441
1482
1515
1578
1606
1632
1661
1670
1748
1760
1761
1797
1801
1813
1862
1884
1931
2012
2035
2040
2044
2050
2192
2251
2361
2398
2452
2484
2502
2594
2597
2598
2661
2663
2678
2702
2742
2771
2958
3137
3186
3187
3399
3484
3528
3709
3893
3919
3953
