209
238
253
303
304
325
363
370
410
497
523
525
528
548
560
644
689
713
724
731
732
798
813
848
862
903
930
974
995
1000
1004
1074
1094
1109
1124
1140
1177
1208
1248
1292
1310
1314
1352
1371
1413
1420
1422
1423
1442
1444
1480
1508
1524
1525
1546
1588
1589
1590
1621
1658
1664
1674
1685
1687
1703
1712
1732
1737
1738
1744
1769
1788
1829
1838
1854
1856
1862
1871
1872
1878
1889
1893
1894
1895
1906
1915
1930
1943
1959
1977
1983
1991
2015
2017
2021
2024
2025
2055
2083
2100
2106
2121
2132
2145
2171
2207
2209
2218
2219
2222
2234
2237
2245
2251
2256
2270
2271
2281
2302
2381
2382
2389
2391
2398
2406
2420
2428
2438
2439
2448
2478
2483
2485
2488
2489
2505
2528
2536
2552
2559
2574
2587
2588
2602
2615
2640
2680
2681
2731
2772
2819
2838
2845
2848
2873
2874
2875
2906
2909
2945
2947
2949
2950
2955
2968
2971
2983
3015
3017
3026
3028
3070
3077
3086
3096
3129
3130
3147
3152
3179
3191
3212
3224
3225
3250
3251
3261
3279
3312
3333
3346
3347
3354
3355
3356
3361
3362
3364
3381
3410
3413
3425
3427
3432
3434
3445
3473
3480
3486
3494
3500
3511
3538
3540
3546
3548
3578
3599
3628
3632
3636
3652
3653
3654
3655
3656
3694
3698
3699
3707
3709
3714
3719
3721
3728
3729
3737
3739
3748
3755
3756
3771
3788
3797
3826
3845
3862
3864
3883
3888
3891
3900
3903
3904
3916
3919
3929
3933
3938
3956
3957
3969
3972
