1
3
5
8
11
13
17
20
21
22
28
31
32
33
38
39
42
44
49
56
70
73
75
83
87
88
90
98
103
104
121
122
124
126
127
128
129
134
135
146
152
162
164
175
198
200
204
217
227
230
236
238
239
240
253
255
261
269
300
316
322
334
336
377
387
410
412
417
424
443
452
460
494
532
611
649
684
695
697
713
724
735
763
767
768
780
787
827
841
875
895
901
904
912
921
923
926
942
973
994
1004
1011
1021
1026
1046
1047
1049
1081
1091
1101
1143
1151
1197
1200
1202
1235
1268
1283
1321
1326
1328
1353
1373
1413
1423
1451
1465
1475
1480
1488
1492
1497
1507
1534
1560
1611
1669
1921
1944
1962
1963
1976
2008
2016
2062
2092
2116
2168
2195
2204
2353
2366
2491
2533
2643
2861
2866
2943
2975
3035
3136
3163
3168
3183
3447
3478
