36
37
48
54
59
63
64
73
74
79
85
130
174
200
212
221
240
286
289
296
302
304
308
311
317
329
348
361
363
378
407
417
419
422
427
463
490
498
499
505
529
531
533
542
562
566
568
631
661
675
694
695
711
723
733
741
749
750
766
773
778
782
794
803
807
827
832
835
840
861
864
867
883
885
892
909
931
934
959
980
994
999
1020
1030
1034
1072
1074
1091
1102
1139
1162
1198
1210
1219
1222
1253
1254
1260
1263
1267
1275
1277
1284
1289
1292
1293
1301
1314
1329
1337
1349
1351
1368
1380
1391
1428
1439
1444
1463
1476
1504
1536
1559
1568
1572
1582
1591
1594
1595
1605
1631
1632
1672
1706
1727
1728
1730
1738
1765
1778
1810
1820
1861
1878
1886
1895
1901
1905
1914
1926
1937
1958
1970
1975
1981
1992
2017
2018
2022
2033
2061
2088
2123
2125
2128
2132
2133
2146
2174
2245
2257
2258
2267
2282
2290
2304
2319
2326
2328
2352
2371
2373
2387
2392
2397
2428
2435
2482
2500
2503
2510
2536
2545
2556
2573
2577
2596
2614
2617
2639
2643
2658
2661
2664
2679
2684
2711
2713
2732
2812
2814
2850
2852
2906
2923
2931
2946
2965
3030
3033
3044
3070
3071
3078
3122
3127
3142
3148
3195
3197
3212
3225
3239
3240
3242
3256
3257
3276
3286
3311
3332
3341
3342
3359
3363
3391
3393
3402
3417
3418
3446
3459
3462
3484
3529
3537
3546
3548
3552
3565
3567
3568
3603
3619
3643
3651
3665
3725
3742
3797
3858
3882
3888
3898
3905
3933
3938
