4
33
34
35
69
74
81
153
154
162
167
209
222
240
259
268
270
275
278
287
300
302
315
327
349
350
352
354
362
363
367
374
378
400
410
436
441
456
475
483
493
497
528
532
540
611
633
644
658
668
702
704
710
713
718
719
729
731
732
744
754
774
778
786
792
793
825
826
852
862
875
878
887
888
902
911
981
1004
1011
1027
1044
1055
1060
1062
1064
1095
1099
1102
1146
1150
1157
1170
1182
1187
1198
1201
1208
1213
1214
1231
1235
1237
1268
1283
1292
1300
1337
1346
1348
1351
1385
1428
1439
1477
1482
1483
1488
1498
1508
1521
1533
1539
1552
1562
1574
1608
1618
1631
1648
1649
1658
1671
1712
1713
1739
1751
1760
1782
1793
1802
1818
1838
1847
1851
1855
1862
1870
1885
1889
1891
1894
1898
1901
1918
1923
1954
1956
1964
1966
1970
2008
2009
2024
2031
2035
2040
2054
2055
2064
2070
2071
2080
2089
2106
2111
2137
2141
2179
2187
2223
2226
2234
2250
2251
2258
2271
2286
2300
2302
2332
2333
2354
2358
2387
2389
2398
2411
2424
2426
2439
2448
2454
2476
2498
2501
2513
2517
2519
2528
2529
2540
2554
2555
2557
2560
2563
2565
2576
2589
2594
2601
2602
2604
2616
2659
2702
2713
2736
2779
2790
2812
2817
2819
2824
2826
2830
2831
2838
2856
2861
2926
2936
2940
2941
2945
2967
2968
2970
2972
2981
2982
3006
3007
3008
3048
3049
3109
3113
3116
3117
3134
3135
3143
3145
3152
3155
3161
3171
3186
3209
3231
3261
3281
3288
3291
3292
3296
3312
3323
3344
3346
3347
3350
3356
3357
3369
3398
3399
3413
3414
3419
3449
3453
3454
3455
3464
3477
3479
3488
3501
3508
3520
3532
3534
3585
3600
3605
3608
3613
3620
3633
3634
3635
3636
3639
3656
3661
3709
3710
3722
3733
3735
3748
3759
3762
3766
3771
3801
3807
3814
3824
3825
3896
3911
3920
3924
3929
3932
3934
3956
3957
3971
10009
