1
2
3
4
5
7
8
9
10
11
12
13
14
15
17
18
19
20
21
23
24
26
27
29
31
32
33
34
35
39
41
42
44
45
46
47
48
49
50
51
53
54
56
57
58
61
62
64
66
70
71
72
74
75
79
81
83
84
85
88
91
96
98
100
102
103
104
108
112
118
121
122
125
128
131
133
134
135
136
141
146
148
151
152
153
162
167
168
169
172
175
176
177
178
179
180
181
185
188
189
190
197
198
199
200
202
203
204
205
206
209
214
215
217
219
223
224
229
230
234
237
238
239
240
241
242
268
279
283
287
292
300
306
316
319
322
326
343
344
345
347
349
377
383
387
389
392
396
400
402
409
410
416
424
438
441
443
445
448
451
455
456
457
459
467
485
488
493
494
496
503
507
509
516
524
525
530
539
540
541
542
547
550
557
560
567
570
584
585
594
602
620
626
628
643
653
670
673
674
682
692
693
709
724
729
739
740
771
779
787
790
796
799
832
838
840
841
844
848
852
862
866
875
876
881
886
899
904
905
907
912
916
931
947
953
962
977
987
1003
1004
1010
1012
1052
1071
1081
1092
1103
1134
1137
1143
1144
1148
1161
1163
1193
1275
1277
1280
1281
1288
1295
1312
1317
1319
1337
1341
1351
1358
1431
1475
1484
1512
1518
1523
1550
1568
1572
1581
1603
1636
1661
1680
1683
1727
1732
1742
1757
1780
1823
1832
1833
1884
1901
1903
1910
1913
1929
1957
1967
1976
1980
2007
2011
2095
2099
2124
2149
2150
2179
2215
2235
2283
2311
2351
2451
2455
2470
2491
2493
2648
2652
2667
2684
2703
2704
2824
2855
2859
2869
2915
2938
2960
3000
3010
3016
3024
3028
3079
3146
3168
3184
3187
3191
3314
3345
3348
3432
3442
3488
3498
3731
3779
3809
3961
3986
