1
2
3
4
5
9
10
11
13
17
20
21
25
28
38
45
48
54
56
59
64
68
71
75
84
88
121
122
123
127
128
138
140
146
188
189
198
200
204
208
215
220
253
257
283
287
312
322
332
345
349
397
403
412
415
417
424
435
475
482
488
494
539
542
546
560
621
647
657
723
733
767
792
867
871
896
905
954
992
994
1001
1004
1052
1166
1185
1212
1229
1235
1295
1326
1366
1390
1407
1438
1524
1572
1606
1732
1743
1752
1814
1861
1865
1876
1885
1944
2021
2023
2043
2115
2141
2169
2221
2232
2237
2251
2300
2357
2370
2373
2437
2502
2544
2672
2762
2768
2817
2958
3019
3034
3042
3043
3045
3071
3072
3078
3101
3151
3161
3208
3354
3433
3651
