1
2
3
4
5
7
8
9
10
11
13
14
15
17
20
22
23
24
25
26
27
31
32
33
34
35
36
37
39
42
45
46
48
49
50
51
53
54
56
57
62
64
66
68
69
71
73
74
75
76
78
79
80
83
84
91
97
98
99
104
106
110
114
115
116
117
121
122
123
124
125
126
127
128
130
133
134
135
138
139
140
143
146
149
151
153
155
159
160
161
162
171
173
174
180
183
186
198
199
200
202
204
206
207
208
209
210
212
213
214
215
218
222
224
227
230
238
239
240
242
246
247
249
252
253
254
258
261
262
264
265
266
269
270
277
283
286
290
291
295
297
300
305
310
312
315
317
322
329
330
332
337
341
345
347
348
353
354
355
361
362
365
368
371
373
378
380
381
384
390
394
395
397
399
400
407
409
410
412
415
416
417
420
427
428
432
435
438
443
450
451
452
460
464
465
472
473
474
480
486
489
490
493
496
497
502
503
505
513
514
516
525
528
532
535
536
542
543
545
546
547
549
554
556
560
564
567
588
601
605
614
621
630
632
636
638
641
642
643
646
647
648
650
652
657
658
664
668
679
680
684
686
688
689
690
692
695
696
699
710
715
718
719
721
722
723
728
729
730
731
732
733
735
736
741
743
752
757
759
764
767
773
778
779
785
787
788
792
795
797
802
803
815
817
824
827
834
837
852
853
855
862
863
864
866
870
871
874
875
885
886
889
895
918
919
924
928
934
938
941
947
953
956
959
962
968
974
977
980
981
983
986
987
992
994
1000
1004
1005
1007
1008
1011
1020
1028
1039
1046
1051
1055
1056
1064
1066
1081
1091
1094
1101
1107
1136
1139
1140
1148
1152
1160
1166
1168
1171
1174
1195
1197
1202
1203
1206
1224
1229
1233
1235
1244
1248
1251
1257
1258
1268
1272
1277
1281
1289
1293
1301
1306
1312
1326
1334
1344
1353
1366
1368
1371
1373
1378
1383
1385
1389
1400
1411
1422
1423
1428
1429
1436
1438
1443
1462
1463
1466
1470
1472
1475
1478
1480
1489
1491
1503
1515
1519
1526
1537
1547
1552
1553
1557
1559
1569
1579
1581
1582
1584
1603
1627
1631
1635
1639
1642
1645
1648
1649
1650
1651
1661
1673
1696
1697
1698
1705
1719
1724
1730
1743
1752
1768
1793
1797
1798
1814
1818
1829
1833
1834
1838
1842
1856
1861
1865
1876
1878
1882
1884
1900
1901
1915
1921
1926
1931
1961
1966
1967
1968
1976
1998
2008
2009
2021
2023
2034
2040
2043
2062
2064
2070
2071
2073
2076
2092
2093
2101
2115
2127
2140
2141
2150
2158
2163
2187
2196
2197
2204
2226
2243
2246
2248
2251
2258
2261
2276
2282
2296
2301
2307
2332
2333
2336
2366
2367
2382
2385
2389
2398
2402
2406
2418
2444
2454
2467
2468
2477
2484
2493
2502
2503
2537
2551
2555
2561
2570
2571
2577
2579
2603
2622
2623
2636
2641
2662
2672
2742
2759
2762
2768
2772
2791
2799
2812
2817
2828
2848
2857
2858
2861
2912
2914
2925
2948
2954
2958
2975
2976
3019
3023
3026
3027
3034
3037
3043
3045
3068
3071
3073
3078
3112
3123
3161
3191
3192
3202
3203
3235
3260
3267
3286
3305
3341
3342
3343
3355
3356
3367
3372
3387
3419
3433
3443
3459
3466
3494
3537
3613
3615
3629
3652
3728
3733
3795
3868
3939
99999
