1
2
3
5
9
11
13
14
17
20
26
32
33
40
41
42
49
53
56
62
64
69
70
74
76
78
88
100
108
112
117
121
122
123
125
128
134
135
139
141
146
152
153
169
176
182
187
200
204
206
207
215
217
221
232
234
236
238
283
295
305
322
367
383
392
412
416
420
430
432
441
443
450
461
468
494
509
543
680
695
698
700
704
705
714
735
738
739
767
772
796
887
912
931
991
994
1004
1038
1045
1064
1140
1161
1170
1174
1216
1251
1289
1290
1341
1349
1382
1405
1423
1428
1539
1557
1594
1768
1928
1953
1957
2065
2095
2127
2192
2235
2246
2275
2304
2391
2454
2552
2648
2906
2954
3112
3241
3301
3346
3819
