1
3
4
5
7
9
10
11
12
15
17
20
23
31
33
36
41
42
46
48
49
53
56
57
59
60
61
64
69
71
72
73
74
75
85
118
121
125
126
127
128
136
138
146
150
157
160
187
188
190
200
202
203
204
206
207
208
209
211
212
220
223
224
227
229
238
242
268
278
295
297
299
300
311
341
346
347
348
350
355
359
363
392
393
394
399
410
427
430
451
528
540
595
621
622
626
646
650
664
680
695
746
752
767
785
826
864
885
909
918
933
934
973
976
994
1081
1101
1117
1146
1189
1193
1216
1219
1229
1242
1603
1610
1729
1758
1807
1926
2115
2149
2235
2246
2336
2402
2421
2502
2577
2685
3020
3303
3829
