15
16
18
47
49
56
75
88
147
148
164
169
179
215
217
218
220
229
242
252
253
259
268
274
280
295
296
314
324
332
347
349
350
354
358
360
368
378
389
406
414
435
436
442
451
452
455
462
472
475
502
506
522
524
527
532
539
561
581
588
594
611
621
628
630
632
642
645
646
658
692
694
710
711
719
720
721
726
747
757
759
761
767
768
769
786
791
792
823
825
826
833
846
853
857
869
870
881
888
891
893
899
905
910
912
922
923
937
939
945
948
950
954
969
973
975
976
977
987
1005
1029
1030
1040
1048
1051
1054
1057
1058
1065
1086
1087
1090
1094
1096
1099
1101
1122
1133
1152
1169
1170
1181
1183
1187
1196
1200
1202
1229
1235
1244
1262
1268
1288
1296
1300
1305
1311
1329
1331
1333
1337
1338
1340
1346
1348
1353
1356
1363
1365
1366
1383
1385
1387
1402
1403
1418
1424
1433
1451
1460
1464
1465
1471
1478
1481
1489
1491
1498
1500
1502
1508
1509
1520
1547
1552
1561
1564
1580
1585
1589
1604
1608
1610
1619
1626
1630
1632
1636
1637
1647
1648
1657
1665
1679
1686
1691
1697
1710
1724
1727
1738
1751
1755
1772
1782
1798
1818
1833
1834
1838
1840
1846
1847
1851
1859
1874
1877
1878
1885
1887
1889
1913
1921
1943
1948
1968
1982
1984
1985
1996
1998
2007
2008
2015
2021
2033
2035
2037
2046
2054
2070
2071
2089
2092
2094
2098
2099
2122
2126
2135
2136
2141
2144
2146
2148
2154
2160
2164
2165
2171
2191
2195
2225
2229
2231
2234
2242
2248
2250
2251
2268
2271
2273
2274
2279
2280
2285
2294
2300
2323
2332
2333
2335
2342
2343
2344
2345
2357
2363
2371
2386
2389
2402
2406
2410
2412
2418
2421
2441
2448
2449
2454
2456
2459
2463
2465
2475
2491
2497
2500
2501
2503
2512
2517
2542
2545
2548
2551
2554
2557
2563
2567
2576
2578
2580
2583
2587
2589
2590
2592
2593
2597
2602
2604
2607
2611
2613
2616
2638
2655
2659
2679
2681
2706
2708
2713
2731
2733
2736
2740
2747
2751
2766
2779
2780
2784
2785
2790
2809
2813
2818
2819
2824
2830
2838
2840
2842
2860
2863
2895
2931
2933
2943
2948
2952
2966
2967
2968
2971
2973
2974
2996
3009
3010
3011
3016
3024
3025
3027
3035
3039
3041
3068
3074
3075
3080
3081
3085
3088
3098
3102
3104
3107
3111
3119
3125
3132
3143
3167
3169
3180
3181
3186
3189
3194
3218
3219
3265
3267
3273
3281
3288
3301
3319
3323
3346
3347
3362
3365
3367
3380
3382
3394
3397
3413
3414
3424
3428
3433
3446
3457
3458
3462
3464
3467
3476
3478
3491
3517
3531
3534
3536
3545
3551
3555
3556
3567
3572
3606
3608
3613
3627
3631
3633
3634
3635
3645
3649
3656
3661
3667
3684
3685
3695
3727
3730
3731
3732
3745
3752
3759
3762
3763
3767
3769
3774
3776
3780
3799
3806
3812
3814
3842
3851
3867
3886
3890
3896
3897
3913
3920
3930
3935
3947
3951
3974
3975
