1
2
3
4
5
9
11
12
13
14
15
17
18
19
20
21
25
26
31
32
33
36
39
41
42
46
48
49
51
53
54
55
56
57
58
61
62
64
66
67
68
69
71
72
73
75
78
79
83
84
85
88
93
98
100
102
110
120
121
122
123
125
127
128
129
131
134
135
136
139
140
141
143
146
151
162
167
176
179
184
188
189
199
200
202
206
207
212
213
214
215
217
218
225
228
231
237
238
239
242
253
257
258
259
263
264
273
283
286
287
295
296
300
307
312
315
332
344
345
347
349
354
355
380
381
387
395
403
407
412
415
416
430
435
442
443
446
448
451
460
465
468
472
475
486
495
496
503
509
526
532
539
543
560
621
622
636
657
661
671
680
690
696
704
709
714
721
723
732
733
735
739
743
792
796
823
844
846
848
853
870
871
875
901
907
910
931
937
968
973
974
977
981
994
1004
1011
1021
1025
1032
1046
1049
1051
1052
1134
1143
1166
1185
1200
1248
1272
1314
1347
1353
1367
1383
1389
1405
1408
1423
1424
1438
1497
1529
1539
1564
1576
1598
1631
1648
1685
1696
1743
1752
1790
1797
1814
1834
1858
1861
1865
1876
1895
1901
1909
1922
1930
1931
1937
1963
1976
2011
2017
2021
2049
2054
2078
2097
2104
2115
2134
2136
2161
2193
2221
2232
2251
2279
2300
2334
2357
2359
2419
2434
2439
2444
2448
2451
2466
2484
2491
2502
2517
2530
2537
2544
2573
2583
2593
2672
2680
2685
2696
2697
2762
2768
2771
2785
2817
2878
2958
2964
2965
3019
3034
3035
3036
3043
3046
3071
3072
3074
3078
3101
3161
3163
3354
3366
3433
3439
3459
3552
3568
3623
3637
3649
3651
3652
3761
3814
3823
3866
3915
