1
3
4
5
11
12
17
18
19
20
21
25
31
32
33
34
42
44
48
49
51
53
54
55
56
62
68
69
70
74
75
76
84
85
88
90
91
92
96
98
99
105
121
122
124
125
128
131
134
135
137
138
139
141
146
152
162
167
168
169
188
198
200
209
212
213
215
219
221
224
227
231
235
236
239
242
253
257
269
274
278
279
283
287
295
296
297
300
316
321
322
329
338
341
347
354
364
378
380
386
394
402
410
416
424
432
440
453
455
462
470
475
480
486
494
498
518
525
532
540
543
560
567
581
621
628
653
658
668
670
678
696
704
710
713
719
729
733
735
743
751
752
761
767
769
778
779
785
788
827
829
848
851
852
853
862
863
864
868
871
875
880
881
907
935
943
962
968
994
1000
1004
1021
1039
1044
1046
1047
1048
1116
1122
1124
1135
1140
1192
1209
1211
1235
1244
1262
1267
1283
1292
1293
1306
1326
1353
1358
1365
1368
1383
1394
1423
1429
1434
1462
1472
1526
1545
1547
1552
1569
1574
1578
1579
1611
1642
1648
1653
1671
1679
1691
1695
1707
1712
1838
1856
1871
1882
1884
1898
1910
1927
1932
1937
1948
1970
2007
2008
2062
2104
2171
2177
2221
2222
2263
2289
2327
2343
2352
2360
2385
2387
2430
2434
2448
2458
2484
2542
2551
2558
2598
2617
2644
2660
2672
2680
2719
2742
2763
2800
2812
2875
2920
2931
2950
2970
2972
2984
3077
3082
3085
3108
3209
3265
3281
3304
3305
3316
3323
3325
3332
3383
3440
3469
3517
3628
3733
3740
3743
3900
