1
3
4
5
7
12
13
15
17
18
20
21
23
28
30
32
33
34
35
39
40
41
42
44
46
47
49
50
53
54
56
57
61
62
65
67
68
69
72
76
79
80
81
82
84
88
91
92
96
98
100
101
102
103
104
112
121
124
125
126
127
128
131
135
138
139
140
141
143
146
149
150
151
152
153
155
156
160
167
169
170
173
187
198
199
200
202
205
206
207
210
213
215
217
224
226
230
234
235
236
238
239
243
244
245
254
256
261
265
268
271
272
273
274
277
282
287
290
295
296
297
299
304
311
314
319
323
325
337
339
341
343
360
362
364
366
367
373
380
381
382
384
387
394
395
399
410
416
417
428
430
431
432
438
450
455
456
460
462
464
470
485
487
489
490
494
505
509
513
515
516
518
528
542
559
560
605
611
617
621
622
632
633
636
647
650
658
671
678
694
695
698
701
706
713
716
719
721
727
730
739
742
744
752
759
763
785
787
792
815
827
853
863
875
886
907
921
923
925
946
973
977
994
1004
1008
1017
1041
1042
1046
1048
1094
1107
1117
1127
1148
1149
1172
1188
1192
1197
1257
1272
1297
1319
1328
1335
1343
1368
1373
1386
1448
1473
1478
1483
1518
1539
1564
1570
1588
1611
1642
1644
1650
1664
1740
1749
1769
1774
1792
1795
1797
1834
1857
1882
1912
1944
2034
2038
2040
2069
2140
2196
2227
2251
2276
2344
2431
2472
2532
2560
2623
2664
2709
2747
2759
2796
2939
2964
3105
3113
3163
3167
3350
3367
3480
3649
3850
3891
3900
3956
