1
2
3
4
5
6
7
8
9
10
11
12
13
14
15
16
17
18
19
20
21
22
23
24
25
26
27
28
29
30
31
32
33
34
35
36
37
38
39
40
41
42
43
44
45
46
47
48
49
50
51
52
53
54
55
56
57
58
59
60
61
62
63
64
65
66
67
68
69
70
71
72
73
74
75
76
77
78
79
80
81
82
83
84
85
86
87
88
89
90
91
92
93
94
95
96
97
98
99
100
101
102
103
104
105
106
107
108
109
110
111
112
113
114
115
116
117
118
119
120
121
122
123
124
125
126
127
128
129
130
131
132
133
134
135
136
137
138
139
140
141
142
143
144
145
146
147
148
149
150
151
152
153
154
155
156
157
158
159
160
161
162
163
164
166
167
168
169
171
172
173
174
175
176
177
178
179
180
181
182
183
184
185
187
188
189
190
191
192
193
194
195
196
197
198
199
200
201
202
203
204
205
206
207
208
209
210
211
212
213
214
215
216
217
218
219
220
221
222
223
224
225
226
227
228
229
230
231
232
233
234
235
236
237
238
239
240
241
242
244
246
247
248
249
251
252
253
257
258
259
260
261
262
263
264
265
266
267
268
269
270
271
273
274
275
276
277
278
279
281
282
283
285
286
287
288
289
290
291
292
295
296
297
298
299
300
301
303
304
305
306
309
310
311
312
313
314
315
316
317
318
319
321
322
323
324
325
326
327
328
329
330
332
333
334
335
336
337
338
339
340
341
342
343
344
345
346
347
348
349
350
351
353
354
357
359
360
361
362
364
365
366
367
368
371
372
373
374
377
378
380
381
382
383
384
385
386
387
388
389
391
392
393
394
395
396
397
398
399
400
401
402
403
404
405
406
407
408
409
410
412
413
414
415
416
417
419
420
421
423
424
426
427
430
432
433
435
437
438
440
441
442
443
445
446
447
448
449
450
451
453
454
455
456
459
460
461
463
464
465
468
473
474
475
476
477
478
480
482
485
486
487
488
489
490
491
493
494
496
497
498
501
502
503
504
505
506
507
509
510
511
513
515
516
518
520
521
523
525
526
527
528
529
530
532
535
536
537
538
539
540
541
542
543
545
546
547
549
550
553
554
556
557
560
561
563
564
565
566
567
568
570
572
575
576
577
578
579
581
583
584
585
586
588
592
593
594
595
596
597
599
601
602
604
605
606
607
608
609
610
611
612
615
616
617
619
620
621
622
623
624
626
627
628
629
630
632
633
636
637
639
641
642
643
645
647
648
649
650
652
653
654
655
658
659
661
662
664
665
666
668
669
670
671
673
674
676
678
679
680
682
684
685
686
687
688
689
691
692
694
695
696
697
698
700
701
702
703
704
705
706
707
708
709
711
712
713
714
715
716
717
719
720
721
722
723
724
725
727
728
729
730
731
733
735
736
737
738
739
740
741
743
744
745
746
750
751
752
754
757
758
759
763
764
766
767
769
770
771
772
773
778
779
780
781
783
784
785
787
788
790
791
792
795
796
797
799
801
802
806
807
808
809
812
813
814
815
817
818
819
820
824
825
826
827
829
832
834
836
837
838
839
840
841
843
844
845
846
847
848
851
852
853
854
856
857
858
859
860
862
863
864
865
866
867
868
869
871
872
873
874
875
876
877
878
879
880
881
884
885
886
888
889
890
893
894
895
896
897
898
900
901
902
904
905
907
909
910
912
913
914
915
916
917
918
919
920
921
922
923
924
925
926
929
930
931
932
933
934
935
936
937
938
939
941
942
943
944
946
947
948
950
951
953
954
956
958
959
961
965
966
967
968
969
973
974
976
977
978
979
980
981
983
984
986
987
988
989
990
991
992
993
994
995
997
998
999
1000
1001
1002
1003
1004
1005
1006
1007
1008
1009
1010
1011
1012
1013
1014
1015
1016
1017
1018
1020
1021
1022
1024
1025
1026
1027
1028
1029
1031
1032
1033
1034
1039
1040
1041
1042
1043
1044
1045
1046
1047
1048
1049
1050
1051
1052
1053
1054
1055
1060
1061
1062
1068
1070
1071
1072
1074
1075
1076
1077
1078
1079
1081
1086
1091
1092
1094
1095
1096
1098
1099
1101
1102
1103
1106
1107
1108
1109
1110
1111
1113
1114
1115
1116
1117
1120
1122
1123
1128
1129
1132
1136
1137
1140
1141
1142
1143
1146
1148
1152
1154
1155
1156
1158
1160
1161
1164
1166
1167
1168
1169
1170
1171
1174
1177
1179
1183
1186
1189
1192
1193
1195
1197
1200
1201
1202
1203
1204
1206
1207
1209
1211
1213
1214
1216
1217
1218
1219
1221
1225
1226
1227
1228
1229
1233
1234
1235
1236
1238
1239
1241
1242
1243
1245
1248
1249
1251
1252
1254
1262
1264
1266
1267
1268
1275
1277
1280
1281
1282
1283
1287
1288
1289
1290
1291
1292
1293
1295
1297
1298
1299
1301
1304
1305
1306
1309
1310
1312
1313
1314
1315
1319
1321
1322
1323
1325
1326
1327
1329
1331
1332
1334
1335
1337
1339
1340
1341
1342
1343
1344
1345
1346
1351
1352
1353
1356
1357
1358
1360
1361
1365
1366
1367
1368
1371
1372
1373
1378
1379
1381
1382
1383
1389
1390
1391
1392
1393
1394
1395
1398
1399
1400
1404
1405
1406
1407
1408
1410
1411
1413
1414
1415
1420
1422
1423
1424
1428
1429
1431
1432
1436
1437
1438
1439
1441
1442
1443
1444
1445
1446
1448
1449
1453
1455
1456
1458
1460
1461
1462
1463
1464
1466
1470
1475
1476
1480
1481
1482
1483
1484
1485
1486
1488
1489
1490
1492
1493
1496
1497
1498
1502
1504
1506
1512
1513
1514
1517
1518
1519
1522
1523
1524
1526
1527
1528
1533
1534
1539
1541
1544
1545
1547
1550
1552
1553
1557
1559
1561
1568
1570
1572
1573
1574
1575
1576
1578
1579
1581
1582
1584
1586
1590
1593
1594
1596
1598
1602
1603
1606
1608
1609
1611
1614
1616
1624
1625
1626
1629
1631
1632
1633
1636
1639
1642
1644
1647
1650
1652
1653
1656
1657
1658
1661
1662
1663
1664
1667
1668
1670
1671
1672
1674
1676
1679
1680
1683
1684
1685
1688
1689
1690
1691
1694
1695
1696
1700
1701
1702
1703
1707
1710
1716
1717
1718
1719
1721
1723
1726
1727
1729
1731
1732
1733
1734
1735
1738
1743
1748
1749
1750
1751
1752
1753
1754
1756
1757
1758
1760
1762
1768
1769
1773
1776
1778
1780
1781
1784
1789
1790
1791
1792
1793
1795
1796
1797
1800
1802
1804
1806
1810
1811
1813
1814
1816
1818
1819
1822
1823
1826
1828
1829
1832
1834
1838
1840
1844
1845
1846
1847
1850
1851
1854
1857
1859
1861
1863
1865
1868
1871
1873
1876
1877
1880
1886
1888
1889
1890
1891
1892
1899
1900
1901
1903
1905
1906
1910
1911
1914
1920
1921
1922
1923
1925
1926
1928
1929
1930
1931
1932
1934
1937
1941
1944
1945
1947
1948
1949
1951
1952
1954
1957
1961
1962
1963
1965
1967
1970
1971
1973
1974
1975
1976
1979
1980
1981
1984
1985
1990
1991
1994
1995
1998
2003
2006
2007
2008
2009
2011
2013
2014
2016
2018
2019
2022
2024
2028
2029
2033
2034
2035
2037
2040
2043
2044
2047
2048
2050
2054
2055
2057
2058
2060
2063
2064
2069
2071
2073
2074
2075
2078
2081
2086
2089
2090
2091
2094
2095
2096
2099
2101
2104
2106
2108
2109
2115
2116
2119
2125
2126
2127
2129
2130
2131
2134
2136
2139
2140
2141
2144
2145
2148
2149
2150
2154
2160
2161
2163
2164
2165
2170
2176
2178
2180
2181
2182
2185
2187
2192
2193
2196
2199
2200
2203
2206
2208
2209
2210
2215
2218
2220
2223
2225
2226
2231
2232
2233
2235
2236
2239
2243
2248
2250
2256
2257
2259
2262
2264
2265
2266
2270
2273
2274
2275
2281
2283
2289
2290
2291
2294
2296
2300
2302
2303
2304
2305
2311
2312
2322
2325
2326
2327
2330
2332
2333
2336
2337
2338
2342
2344
2348
2349
2350
2351
2352
2353
2354
2356
2357
2358
2363
2364
2365
2366
2367
2369
2373
2375
2376
2379
2381
2382
2389
2390
2391
2392
2395
2398
2399
2401
2402
2404
2405
2406
2410
2411
2412
2413
2415
2416
2418
2419
2420
2425
2426
2427
2429
2434
2435
2439
2440
2441
2444
2451
2452
2454
2455
2457
2458
2460
2461
2463
2465
2466
2467
2471
2476
2477
2478
2481
2482
2483
2484
2485
2487
2490
2493
2496
2500
2501
2502
2503
2514
2515
2516
2518
2520
2521
2523
2528
2529
2532
2536
2537
2540
2542
2544
2550
2551
2553
2558
2559
2560
2561
2563
2566
2570
2571
2574
2575
2577
2579
2591
2593
2594
2595
2596
2597
2598
2600
2601
2603
2608
2611
2615
2616
2618
2619
2620
2621
2622
2623
2625
2626
2627
2628
2629
2634
2635
2643
2644
2649
2652
2653
2654
2655
2656
2657
2658
2659
2667
2671
2672
2679
2685
2694
2696
2697
2698
2703
2704
2705
2706
2707
2712
2715
2719
2720
2723
2726
2727
2729
2730
2731
2739
2742
2746
2748
2749
2751
2760
2762
2765
2767
2768
2769
2770
2772
2779
2781
2784
2785
2786
2787
2790
2791
2799
2806
2807
2810
2812
2813
2815
2816
2817
2818
2824
2831
2833
2840
2843
2845
2855
2858
2864
2865
2869
2870
2872
2873
2877
2878
2879
2882
2883
2884
2887
2888
2889
2891
2894
2899
2901
2914
2915
2918
2919
2920
2924
2928
2929
2940
2942
2943
2946
2948
2950
2951
2952
2954
2956
2962
2963
2965
2966
2970
2974
2981
2996
2999
3000
3003
3005
3006
3007
3009
3010
3011
3016
3019
3020
3021
3024
3025
3027
3034
3042
3043
3045
3046
3047
3065
3066
3068
3069
3070
3072
3073
3083
3090
3093
3097
3100
3101
3104
3105
3108
3110
3111
3115
3120
3121
3122
3128
3129
3130
3132
3133
3136
3142
3146
3147
3151
3152
3154
3155
3158
3160
3161
3162
3163
3165
3169
3170
3174
3178
3186
3190
3191
3195
3201
3202
3203
3208
3210
3212
3214
3217
3222
3223
3225
3227
3228
3229
3234
3239
3240
3244
3254
3260
3264
3265
3266
3271
3272
3274
3276
3281
3282
3285
3286
3287
3288
3289
3296
3300
3304
3306
3307
3310
3311
3314
3315
3318
3320
3326
3330
3332
3333
3335
3336
3337
3341
3342
3343
3346
3350
3354
3355
3356
3360
3362
3363
3370
3371
3372
3373
3374
3375
3379
3381
3387
3392
3396
3397
3403
3405
3411
3413
3417
3420
3421
3423
3427
3428
3430
3433
3434
3439
3440
3442
3443
3445
3446
3447
3453
3454
3455
3457
3461
3462
3463
3464
3467
3471
3474
3475
3477
3479
3480
3482
3483
3487
3490
3491
3494
3495
3497
3499
3503
3507
3509
3510
3512
3513
3514
3516
3517
3518
3519
3524
3527
3528
3531
3532
3533
3534
3535
3536
3539
3541
3542
3545
3548
3552
3558
3559
3561
3562
3566
3567
3570
3573
3576
3577
3578
3579
3583
3587
3592
3593
3599
3606
3607
3611
3614
3620
3621
3623
3625
3629
3633
3634
3636
3637
3640
3643
3644
3646
3650
3651
3652
3654
3657
3658
3660
3661
3663
3664
3668
3673
3676
3678
3683
3686
3687
3688
3689
3690
3697
3699
3712
3713
3714
3719
3721
3728
3731
3732
3733
3737
3741
3743
3747
3748
3750
3754
3756
3761
3764
3770
3785
3786
3791
3797
3805
3814
3816
3818
3824
3828
3829
3834
3838
3840
3844
3859
3862
3869
3898
3905
3913
3922
3924
3932
3933
3936
3938
3940
3942
3943
3945
3954
3959
3960
3961
3968
3971
3983
3996
3998
4003
4007
99999
