100
101
102
103
104
107
111
112
116
117
126
127
130
133
199
200
207
210
226
261
269
279
286
297
301
302
310
314
317
322
323
329
339
364
365
399
404
407
417
428
429
431
433
449
463
488
490
499
505
513
514
515
529
530
542
547
559
582
617
623
637
653
655
662
672
675
684
685
690
694
695
711
721
733
737
742
743
749
752
765
773
778
783
785
787
797
802
815
827
839
841
847
854
863
864
865
886
909
919
924
928
934
958
959
965
967
987
993
994
1020
1034
1036
1042
1087
1091
1096
1102
1123
1129
1161
1162
1197
1202
1203
1210
1215
1236
1242
1245
1254
1257
1261
1263
1267
1273
1284
1293
1298
1302
1306
1311
1315
1319
1345
1361
1368
1376
1377
1379
1391
1430
1443
1448
1457
1462
1466
1469
1483
1485
1490
1519
1559
1568
1602
1609
1625
1631
1654
1660
1730
1740
1765
1778
1810
1905
1926
1970
1971
1992
1993
2039
2045
2059
2092
2101
2146
2174
2192
2204
2258
2277
2290
2316
2328
2360
2368
2385
2415
2445
2458
2467
2471
2477
2492
2493
2503
2556
2577
2583
2596
2608
2612
2617
2641
2658
2685
2773
2812
2814
2852
2858
2998
3015
3123
3141
3157
3203
3235
3243
3283
3286
3310
3372
3373
3376
3383
3385
3387
3419
3481
3493
3528
3535
3552
3568
3607
3619
3629
3666
3690
3710
3787
3807
3820
3831
3902
3905
3910
3924
