1
2
3
4
5
7
9
11
12
13
14
15
19
20
21
22
23
25
26
28
33
34
35
41
42
43
47
49
50
53
54
55
56
57
62
69
70
72
73
78
81
84
88
91
92
101
108
121
125
128
130
134
141
142
146
151
152
153
167
176
180
182
189
198
200
202
206
213
215
217
219
228
234
238
242
275
278
283
322
329
344
345
347
349
362
378
387
394
402
414
416
424
443
448
451
454
501
560
567
570
602
626
647
686
739
771
862
873
941
955
983
992
1004
1026
1044
1079
1099
1148
1295
1404
1422
1456
1480
1679
1790
1832
1907
2016
2033
2053
2343
2461
2620
2621
2648
2649
2724
3396
3625
