43
54
59
67
68
157
158
258
289
348
353
412
415
495
498
537
544
566
592
640
657
682
723
735
749
755
832
844
867
874
885
946
950
985
999
1006
1041
1094
1103
1222
1243
1252
1260
1275
1324
1389
1404
1409
1441
1503
1518
1535
1545
1560
1562
1583
1599
1603
1606
1646
1680
1688
1700
1701
1706
1719
1756
1801
1806
1823
1860
1894
1910
1914
1920
1929
1945
2011
2022
2028
2043
2056
2061
2069
2073
2075
2079
2105
2109
2120
2138
2149
2154
2161
2169
2177
2180
2181
2201
2211
2221
2243
2257
2289
2293
2295
2296
2303
2326
2327
2352
2357
2365
2380
2390
2402
2460
2462
2482
2500
2502
2507
2532
2534
2549
2553
2558
2562
2582
2593
2596
2660
2679
2682
2696
2717
2739
2744
2751
2766
2810
2899
2946
2960
2961
2974
3028
3038
3066
3069
3072
3080
3100
3160
3168
3174
3175
3178
3179
3222
3237
3242
3248
3264
3266
3271
3279
3304
3324
3354
3360
3379
3400
3412
3417
3433
3461
3477
3494
3498
3507
3510
3522
3561
3581
3582
3597
3612
3614
3616
3653
3679
3687
3688
3701
3703
3726
3775
3792
3813
3819
3823
3834
3838
3842
3847
3867
3894
3921
3923
3925
