1
2
3
10
12
15
31
42
49
50
53
55
62
64
68
70
72
76
79
82
84
90
96
115
122
123
128
135
139
146
149
152
176
180
183
184
185
197
200
207
221
232
239
295
300
322
328
355
384
403
416
424
460
503
525
526
546
584
585
587
601
605
626
630
653
661
696
697
713
735
740
754
763
765
785
787
805
875
886
904
924
930
994
1004
1045
1068
1094
1164
1179
1184
1193
1235
1248
1268
1326
1340
1347
1352
1415
1482
1581
1639
1752
1907
1944
2062
2125
2187
2405
2444
2551
2603
2742
2751
2771
2858
2930
2953
2959
3305
3335
3357
3513
3514
3613
3621
3709
3715
3733
