20
32
42
71
84
85
94
114
143
144
145
150
155
173
224
225
227
232
234
255
272
316
321
331
341
364
385
388
394
402
426
439
445
456
484
488
496
503
536
581
589
590
591
636
654
678
682
716
726
735
736
739
768
769
770
772
844
853
856
880
895
897
901
907
921
936
946
962
975
1003
1006
1008
1019
1021
1047
1063
1081
1087
1096
1106
1111
1124
1130
1172
1190
1209
1214
1249
1265
1381
1441
1472
1475
1504
1526
1541
1544
1574
1586
1597
1598
1614
1628
1653
1673
1700
1717
1762
1776
1793
1856
1896
1910
1944
1950
1963
1966
1996
2000
2019
2030
2104
2116
2130
2197
2211
2216
2281
2282
2289
2296
2297
2334
2345
2355
2375
2390
2434
2454
2487
2524
2589
2617
2645
2696
2736
2751
2764
2813
2816
2818
2832
2863
2865
2866
2940
2945
3113
3170
3174
3205
3221
3229
3359
3412
3420
3430
3523
3542
3555
3561
3638
3676
3703
3746
3749
3816
3834
3878
