1
3
4
5
7
8
9
10
11
15
16
19
20
21
22
23
25
31
32
33
37
40
41
42
45
48
49
53
54
55
56
57
61
62
63
64
70
72
75
78
82
84
85
87
88
91
99
100
102
113
114
116
118
120
121
124
127
128
132
134
135
138
140
141
146
150
153
155
162
169
174
197
198
200
204
207
210
212
213
215
216
219
221
222
224
238
268
269
273
278
283
286
287
295
297
312
315
316
321
322
324
332
340
354
366
373
376
392
399
402
403
407
410
416
417
424
432
435
450
451
460
467
468
473
474
475
493
496
503
518
539
540
542
543
547
560
611
621
630
632
649
658
662
669
675
677
694
695
698
701
705
722
724
726
729
735
739
741
746
749
752
754
759
767
787
795
796
808
815
827
850
851
863
864
865
875
876
881
887
889
895
901
907
910
911
912
918
929
930
934
939
941
953
964
967
973
974
977
982
987
994
1004
1011
1021
1094
1105
1106
1110
1143
1162
1164
1190
1192
1204
1207
1209
1235
1239
1248
1260
1318
1339
1346
1351
1353
1373
1382
1383
1395
1415
1422
1423
1463
1478
1482
1531
1539
1552
1584
1642
1647
1652
1673
1705
1760
1799
1912
1948
1970
2007
2019
2022
2093
2115
2163
2226
2322
2332
2336
2348
2353
2366
2375
2385
2387
2392
2402
2458
2594
2661
2696
2698
2703
2722
2739
2750
2751
2787
2952
3005
3109
3128
3178
3194
3234
3362
3436
3443
3576
3654
3663
3731
