29
67
78
89
90
136
137
187
190
191
201
222
231
260
266
268
287
318
320
338
342
351
371
389
393
397
401
405
411
421
461
464
465
473
476
477
491
526
638
645
672
691
693
698
751
756
762
779
782
784
805
810
832
847
861
864
868
898
943
957
980
982
995
996
1009
1016
1018
1066
1125
1177
1178
1238
1239
1255
1256
1284
1310
1318
1342
1349
1356
1371
1386
1404
1434
1442
1457
1461
1483
1486
1494
1506
1521
1525
1542
1558
1595
1601
1611
1617
1655
1659
1680
1681
1684
1707
1720
1723
1734
1738
1755
1763
1787
1799
1803
1815
1829
1835
1863
1879
1908
1915
1930
1938
1947
1986
1994
2002
2032
2035
2044
2128
2135
2151
2152
2157
2172
2174
2184
2206
2212
2220
2247
2275
2305
2306
2317
2322
2351
2354
2397
2401
2403
2411
2419
2425
2429
2433
2438
2505
2506
2527
2546
2564
2568
2571
2572
2588
2595
2657
2680
2683
2708
2732
2741
2749
2791
2802
2835
2836
2846
2850
2857
2859
2869
2871
2897
2917
2920
2932
2935
2939
2959
2980
2992
2997
3003
3007
3011
3022
3064
3068
3094
3095
3097
3108
3116
3117
3133
3141
3145
3149
3154
3158
3171
3173
3180
3181
3191
3199
3209
3211
3215
3226
3276
3283
3287
3304
3307
3309
3314
3315
3344
3370
3376
3393
3435
3444
3495
3513
3514
3530
3533
3534
3539
3553
3559
3566
3568
3575
3585
3594
3595
3599
3615
3621
3630
3632
3644
3646
3670
3674
3677
3681
3688
3702
3750
3755
3757
3766
3801
3806
3811
3821
3825
3827
3841
3845
3849
3858
3877
3878
3882
3910
3950
3954
3955
3973
