3
5
17
21
23
29
32
33
36
37
39
40
44
47
49
50
54
56
63
64
67
71
76
79
91
96
116
118
121
123
124
126
127
130
134
135
138
140
143
146
151
155
161
162
163
166
171
173
200
206
207
210
211
212
220
224
227
231
238
240
253
268
269
270
281
289
296
300
312
314
322
329
332
337
339
344
347
348
351
362
377
380
393
398
399
402
403
410
432
438
439
443
460
472
480
487
490
524
527
528
588
621
631
635
642
670
679
692
694
695
710
729
733
752
759
772
780
785
787
792
803
815
827
852
856
875
886
907
934
939
947
958
964
973
979
987
994
1001
1074
1091
1138
1146
1188
1229
1244
1249
1268
1293
1353
1377
1472
1531
1559
1570
1610
1639
1669
1723
1740
1754
1832
1845
1944
1949
1970
2050
2096
2185
2193
2258
2316
2467
2492
2608
2622
2643
2762
3014
3016
3102
3235
3380
