2
3
5
7
10
12
18
21
22
24
25
33
41
42
46
50
53
56
64
71
72
74
78
79
80
82
83
88
92
93
98
99
104
106
112
113
114
115
118
121
124
125
127
138
139
143
146
173
191
200
203
204
210
217
219
223
225
228
230
232
236
237
238
268
273
278
283
285
287
297
300
316
341
346
347
380
394
434
437
510
516
540
543
554
583
647
663
703
704
713
720
729
761
788
875
887
997
1011
1038
1060
1091
1104
1143
1171
1188
1249
1297
1312
1323
1343
1351
1360
1365
1382
1448
1539
1694
1710
1712
1740
1784
1805
1823
1836
1910
1991
2181
2182
2203
2348
2561
2905
3170
3399
3508
3558
3680
3820
