3
30
76
159
187
209
219
220
239
340
395
413
424
438
480
487
567
594
632
643
658
683
689
713
718
727
837
862
904
930
978
992
995
1004
1016
1031
1040
1044
1052
1100
1151
1156
1176
1208
1234
1248
1297
1343
1358
1423
1425
1438
1456
1477
1493
1499
1610
1652
1658
1695
1703
1763
1838
1839
1852
1871
1876
1888
1918
1956
1984
2009
2024
2067
2090
2106
2107
2110
2134
2156
2260
2269
2271
2302
2379
2398
2401
2411
2444
2461
2516
2524
2528
2537
2555
2653
2730
2743
2747
2760
2762
2779
2781
2799
2831
2841
2875
2902
2904
2932
2935
2953
2958
2962
2968
2981
2982
3013
3023
3037
3086
3090
3095
3097
3134
3135
3191
3206
3208
3254
3255
3258
3261
3297
3298
3305
3306
3318
3321
3323
3325
3329
3346
3347
3364
3411
3413
3420
3422
3439
3445
3505
3578
3589
3634
3641
3652
3672
3679
3694
3768
3795
3845
3851
3859
3956
3957
3969
3972
