169
229
299
347
358
383
387
451
594
621
692
767
811
819
869
884
900
914
923
945
992
1010
1054
1079
1090
1121
1128
1160
1189
1198
1213
1221
1255
1267
1347
1356
1366
1370
1394
1399
1400
1419
1481
1497
1512
1519
1603
1612
1655
1657
1684
1704
1726
1737
1742
1748
1775
1781
1782
1787
1790
1814
1819
1830
1854
1857
1862
1876
1897
1940
1941
1982
1994
2001
2006
2013
2014
2023
2025
2029
2048
2053
2067
2068
2083
2085
2131
2148
2150
2168
2170
2182
2183
2186
2190
2198
2206
2225
2244
2248
2268
2275
2283
2284
2287
2341
2347
2351
2364
2384
2404
2416
2423
2442
2453
2499
2506
2514
2526
2529
2531
2539
2547
2586
2748
2782
2833
2856
2870
2950
2955
2960
2981
2982
3005
3016
3035
3039
3044
3046
3063
3071
3081
3084
3085
3128
3137
3138
3144
3153
3167
3184
3185
3186
3223
3228
3238
3265
3267
3279
3312
3335
3337
3371
3389
3438
3442
3443
3467
3518
3527
3541
3545
3581
3583
3591
3636
3659
3662
3663
3664
3672
3679
3692
3712
3713
3715
3720
3737
3746
3773
3785
3805
3837
3839
3843
3848
3852
3859
3866
3868
3889
3890
3913
3926
3943
3968
