1
2
3
4
5
6
7
8
9
10
11
13
14
15
17
18
19
20
21
22
23
24
25
26
27
28
30
31
32
33
34
35
36
37
39
41
42
44
45
46
47
48
49
50
51
53
54
55
56
57
58
59
65
67
68
69
70
71
72
73
74
75
76
78
79
81
82
83
84
88
90
91
92
93
97
98
100
101
102
103
104
105
106
108
109
110
112
114
118
121
122
123
124
125
126
127
128
130
131
132
133
134
136
138
139
140
143
146
149
150
151
153
155
157
158
160
161
162
163
165
167
169
172
173
176
179
187
188
189
190
191
195
197
198
199
200
202
203
204
205
206
207
208
209
210
211
212
213
215
217
218
219
221
222
223
224
225
227
228
231
232
233
235
236
237
238
239
240
241
242
243
251
252
253
257
258
266
267
268
269
271
273
274
277
278
280
283
284
286
289
290
291
295
297
303
305
309
311
314
316
317
322
323
328
329
332
338
339
340
341
344
345
346
347
348
349
353
355
359
361
362
365
368
371
372
373
378
380
381
383
387
392
394
399
400
403
406
407
408
409
410
412
414
415
416
417
419
423
424
425
426
427
428
430
432
435
437
438
442
443
455
460
463
468
477
480
485
490
491
493
494
496
498
502
503
509
515
518
519
523
527
528
532
535
536
540
542
543
557
560
561
565
567
570
583
591
605
608
621
622
628
633
635
636
642
643
646
647
648
653
658
659
661
662
668
670
675
678
680
684
688
690
692
694
695
698
700
703
704
706
707
713
714
715
716
721
722
724
729
731
732
733
735
736
737
739
743
759
763
769
771
772
773
776
784
785
787
790
791
792
797
815
820
824
826
832
839
841
843
848
849
851
853
855
862
863
867
874
875
876
877
881
885
889
895
901
904
905
907
909
912
918
931
933
934
953
959
973
981
985
986
987
994
996
1001
1002
1004
1011
1027
1041
1045
1047
1087
1091
1094
1099
1106
1116
1117
1129
1133
1143
1146
1150
1151
1160
1163
1168
1169
1188
1197
1200
1207
1213
1229
1235
1242
1244
1245
1249
1251
1266
1268
1272
1275
1295
1305
1306
1326
1344
1352
1368
1382
1383
1386
1387
1392
1396
1422
1438
1464
1472
1478
1528
1539
1550
1570
1581
1584
1590
1603
1606
1610
1631
1644
1650
1657
1662
1740
1762
1797
1804
1828
1834
1854
1870
1871
1881
1901
1904
1945
1970
2000
2008
2016
2023
2046
2047
2062
2065
2095
2096
2104
2149
2150
2176
2279
2347
2351
2353
2397
2398
2435
2465
2477
2498
2502
2521
2560
2572
2574
2577
2591
2602
2622
2633
2656
2657
2672
2676
2679
2714
2741
2771
2784
2788
2808
2850
2878
2929
2954
2958
2970
2972
3019
3020
3030
3043
3074
3105
3163
3169
3243
3247
3319
3321
3402
3408
3428
3439
3457
3522
3535
3541
3613
3647
3649
