1
3
5
7
10
11
15
20
39
40
41
44
45
46
53
56
75
80
85
88
101
102
115
121
130
131
134
136
137
146
148
149
155
167
172
179
200
202
205
207
209
215
217
218
221
228
231
238
240
260
283
289
295
297
310
335
336
354
358
387
402
410
416
424
432
441
450
460
496
500
511
540
541
564
567
583
626
658
719
732
739
788
815
827
834
904
909
930
993
995
1143
1174
1204
1235
1251
1255
1345
1386
1537
1606
1626
1820
1876
1901
1929
1982
2044
2049
2092
2095
2145
2147
2187
2193
2405
2411
2434
2440
2505
2584
2592
2608
2812
2931
2939
3046
3217
3445
3490
3510
3650
