1
2
3
4
5
6
7
8
9
10
11
12
13
14
15
16
17
18
19
20
21
22
23
24
25
26
27
28
29
30
31
32
33
34
35
36
37
38
39
40
41
42
43
44
45
46
47
48
49
50
51
52
53
54
55
56
57
58
59
60
61
62
63
64
65
66
67
68
69
70
71
72
73
74
75
76
77
78
79
80
81
82
83
84
85
86
87
88
89
90
91
92
93
94
95
96
97
98
99
100
101
102
103
104
105
106
107
108
109
110
111
112
113
114
115
116
117
118
119
120
121
122
123
124
125
126
127
128
129
130
131
132
133
134
135
136
137
138
139
140
141
142
143
144
145
146
147
148
149
150
151
152
153
154
155
158
159
160
162
164
165
166
167
168
169
170
171
172
173
174
175
176
177
178
179
180
181
182
183
184
185
187
188
189
190
191
192
193
194
195
196
197
198
199
200
201
202
203
204
205
206
207
208
209
210
211
212
213
214
215
216
217
218
219
220
221
222
223
224
225
226
227
228
229
230
231
232
233
234
235
236
237
238
239
240
241
242
243
247
249
250
252
253
257
258
260
261
262
263
264
266
268
269
270
271
273
274
277
278
279
282
283
286
287
289
290
292
295
296
297
299
300
301
303
304
307
308
309
310
311
312
314
315
316
317
318
319
321
322
324
326
327
328
329
330
332
334
335
336
337
338
341
342
343
344
345
346
347
348
349
350
352
353
354
355
356
357
359
361
362
363
365
367
368
371
372
373
374
375
376
377
378
380
381
382
383
384
385
386
387
389
390
391
392
394
395
396
399
400
401
402
403
404
405
407
408
409
410
412
413
414
415
416
417
419
420
421
424
426
427
428
430
432
433
435
436
437
438
441
442
443
445
446
447
448
450
451
452
453
455
456
457
458
459
460
461
463
464
465
468
470
473
474
475
477
479
480
485
486
487
489
490
492
493
494
496
497
498
500
501
502
503
504
505
506
507
508
509
511
513
515
516
517
518
520
522
523
524
525
526
528
530
532
535
536
539
540
541
542
543
545
546
547
550
551
552
554
556
557
559
560
561
563
564
565
566
567
568
570
572
575
576
577
581
582
583
584
585
586
587
588
590
593
594
595
596
598
599
600
601
602
603
605
607
608
610
611
613
617
618
619
620
621
622
623
624
626
627
628
629
630
632
633
636
637
641
642
643
645
646
647
649
650
652
653
654
657
658
659
661
662
664
665
667
668
669
670
673
674
676
678
679
680
682
684
686
687
688
689
690
692
693
694
695
696
697
698
700
701
703
704
705
706
707
712
713
714
716
717
718
719
720
721
723
724
725
726
728
729
731
732
733
735
739
740
741
743
744
746
747
749
752
753
754
756
759
761
762
763
764
765
766
767
768
769
771
772
773
774
775
777
778
779
781
783
784
785
787
788
789
790
791
792
793
796
797
799
801
802
804
805
808
809
812
813
815
817
819
820
821
823
825
827
832
833
834
835
837
838
839
840
843
844
845
846
847
848
849
851
852
853
855
856
857
859
860
861
862
863
865
867
868
869
871
872
873
874
875
876
877
879
880
881
884
885
886
887
888
889
895
896
897
898
899
901
903
904
905
906
907
908
909
910
911
912
913
915
916
917
918
920
921
922
923
925
929
930
931
932
933
934
935
936
938
941
942
943
944
947
948
950
952
953
955
958
961
962
966
967
968
973
974
976
977
978
979
980
981
983
986
987
989
990
991
992
993
994
995
996
997
999
1000
1002
1004
1005
1006
1007
1008
1009
1010
1011
1013
1014
1015
1017
1018
1019
1020
1021
1022
1024
1025
1026
1027
1028
1029
1035
1038
1039
1041
1042
1043
1044
1045
1046
1047
1048
1049
1050
1051
1052
1061
1068
1070
1071
1072
1075
1078
1079
1081
1084
1089
1091
1092
1094
1095
1104
1106
1108
1109
1110
1111
1122
1123
1124
1128
1129
1130
1133
1137
1140
1141
1143
1148
1155
1157
1158
1160
1161
1164
1169
1171
1174
1175
1177
1179
1182
1188
1189
1190
1191
1192
1193
1197
1200
1201
1202
1203
1204
1207
1208
1209
1211
1212
1216
1217
1226
1232
1233
1234
1235
1240
1244
1248
1249
1250
1251
1252
1255
1260
1261
1262
1265
1266
1267
1268
1274
1275
1277
1280
1281
1282
1283
1287
1288
1289
1290
1291
1292
1293
1295
1297
1298
1299
1300
1301
1304
1305
1309
1310
1313
1318
1319
1320
1321
1323
1329
1331
1334
1337
1339
1340
1341
1342
1343
1344
1345
1346
1347
1351
1352
1353
1354
1356
1358
1360
1365
1366
1367
1371
1373
1377
1378
1380
1382
1385
1386
1387
1389
1390
1392
1394
1395
1396
1397
1399
1400
1405
1406
1408
1411
1413
1415
1423
1431
1432
1434
1437
1438
1441
1446
1447
1448
1453
1455
1456
1458
1460
1461
1462
1463
1464
1465
1466
1470
1472
1473
1475
1476
1478
1480
1482
1483
1484
1488
1491
1492
1493
1497
1498
1502
1504
1506
1507
1508
1512
1513
1517
1518
1519
1522
1523
1524
1527
1528
1531
1534
1536
1539
1541
1542
1544
1545
1547
1550
1553
1554
1558
1559
1566
1568
1570
1572
1574
1578
1579
1581
1583
1584
1587
1590
1592
1593
1594
1598
1603
1608
1609
1611
1614
1615
1622
1625
1631
1633
1636
1639
1640
1642
1646
1648
1649
1650
1652
1653
1654
1656
1657
1658
1661
1662
1665
1666
1667
1668
1669
1671
1672
1673
1674
1678
1679
1680
1683
1684
1685
1689
1691
1693
1695
1696
1698
1700
1703
1706
1710
1716
1717
1718
1720
1721
1722
1723
1726
1727
1729
1730
1731
1732
1733
1734
1738
1743
1748
1749
1751
1752
1753
1754
1757
1758
1759
1760
1763
1764
1765
1768
1769
1773
1776
1778
1780
1781
1784
1786
1789
1790
1791
1792
1793
1800
1813
1816
1820
1823
1824
1827
1829
1832
1833
1838
1839
1840
1846
1848
1851
1854
1855
1859
1863
1865
1870
1871
1876
1877
1891
1893
1900
1901
1903
1907
1910
1911
1912
1914
1920
1921
1922
1925
1926
1929
1930
1931
1932
1934
1935
1937
1941
1942
1944
1945
1948
1952
1957
1960
1962
1963
1967
1969
1970
1971
1975
1976
1977
1978
1979
1980
1981
1984
1986
1987
1991
1992
1998
2000
2001
2006
2007
2008
2009
2011
2012
2013
2016
2017
2022
2024
2027
2028
2033
2034
2035
2037
2040
2042
2043
2044
2048
2050
2054
2058
2060
2062
2064
2065
2071
2073
2074
2076
2078
2080
2081
2086
2089
2090
2091
2094
2095
2096
2099
2101
2103
2104
2106
2108
2109
2111
2114
2115
2116
2119
2122
2124
2125
2127
2130
2131
2138
2140
2141
2144
2145
2147
2148
2149
2150
2154
2161
2163
2170
2176
2179
2182
2185
2186
2187
2191
2192
2193
2196
2197
2200
2203
2206
2210
2211
2215
2220
2222
2223
2226
2231
2235
2236
2239
2257
2259
2260
2264
2270
2273
2284
2285
2290
2295
2296
2300
2302
2303
2305
2306
2309
2311
2327
2331
2336
2337
2338
2342
2347
2349
2350
2352
2353
2356
2359
2364
2365
2373
2375
2379
2381
2384
2385
2389
2395
2401
2402
2404
2405
2406
2409
2410
2411
2413
2415
2416
2418
2419
2421
2423
2428
2429
2432
2434
2435
2438
2439
2441
2448
2452
2456
2460
2461
2462
2463
2465
2466
2467
2469
2477
2481
2482
2483
2487
2488
2490
2491
2492
2498
2501
2502
2503
2514
2515
2516
2517
2520
2523
2528
2529
2530
2535
2536
2537
2540
2542
2547
2551
2552
2553
2554
2558
2559
2560
2561
2563
2570
2571
2574
2577
2579
2581
2582
2583
2590
2593
2594
2596
2597
2598
2600
2601
2602
2607
2608
2611
2615
2616
2619
2620
2621
2623
2625
2626
2627
2629
2630
2634
2639
2643
2648
2652
2653
2654
2657
2661
2662
2665
2667
2676
2683
2684
2685
2694
2698
2703
2704
2706
2715
2716
2721
2722
2723
2724
2726
2731
2733
2739
2741
2742
2748
2749
2760
2762
2769
2770
2773
2778
2784
2785
2787
2789
2791
2798
2799
2800
2801
2807
2810
2812
2816
2818
2824
2825
2828
2833
2839
2842
2843
2845
2848
2858
2870
2873
2874
2877
2880
2885
2887
2888
2890
2894
2906
2914
2918
2919
2925
2931
2935
2938
2939
2940
2942
2946
2947
2948
2951
2952
2956
2958
2962
2964
2965
2966
2967
2972
2974
2975
2976
2977
2982
2998
3003
3005
3006
3010
3013
3014
3016
3017
3020
3021
3024
3025
3027
3035
3042
3043
3047
3065
3068
3070
3072
3074
3082
3085
3093
3100
3105
3107
3108
3110
3111
3121
3122
3129
3131
3133
3136
3138
3142
3147
3151
3152
3159
3160
3161
3162
3168
3170
3174
3175
3177
3185
3186
3188
3190
3191
3193
3195
3196
3201
3202
3208
3209
3210
3211
3212
3217
3220
3222
3223
3225
3228
3229
3233
3234
3254
3264
3266
3272
3274
3286
3289
3291
3301
3302
3303
3304
3306
3307
3310
3312
3314
3315
3318
3319
3321
3324
3330
3332
3333
3335
3336
3341
3346
3347
3349
3354
3355
3356
3362
3363
3366
3370
3372
3373
3374
3375
3376
3379
3381
3387
3388
3394
3396
3397
3398
3403
3404
3405
3408
3411
3412
3417
3418
3419
3423
3428
3429
3432
3433
3434
3436
3439
3440
3442
3443
3445
3446
3453
3457
3459
3461
3464
3469
3471
3477
3478
3479
3480
3483
3484
3487
3488
3489
3492
3494
3495
3497
3499
3501
3507
3508
3510
3513
3514
3516
3517
3518
3524
3528
3531
3532
3534
3536
3541
3542
3546
3547
3557
3558
3559
3564
3567
3568
3569
3576
3577
3582
3583
3584
3587
3590
3592
3599
3609
3612
3613
3614
3620
3623
3624
3633
3634
3637
3638
3640
3643
3646
3649
3650
3651
3652
3654
3658
3660
3661
3673
3675
3678
3680
3685
3698
3699
3700
3701
3702
3703
3705
3713
3714
3718
3719
3721
3729
3731
3737
3739
3740
3741
3743
3751
3753
3756
3764
3770
3776
3783
3785
3799
3800
3801
3808
3810
3814
3824
3825
3833
3836
3838
3844
3848
3867
3872
3873
3886
3900
3903
3905
3915
3918
3920
3923
3925
3927
3934
3955
3957
3981
3982
3996
4003
4007
4010
