1
2
3
5
10
11
15
16
17
20
21
22
23
26
28
29
33
39
40
41
42
43
48
49
53
54
55
56
62
63
68
69
70
71
72
78
79
85
88
92
93
98
103
121
122
124
127
128
133
134
139
141
142
143
146
148
152
154
155
159
160
162
165
179
189
196
198
199
200
206
207
210
213
215
218
221
224
227
232
236
238
239
240
261
268
286
300
301
309
316
317
322
325
329
334
344
347
355
378
380
381
393
394
402
407
416
424
426
428
435
437
438
450
472
478
493
503
539
540
547
560
567
621
622
628
630
658
662
694
695
696
706
721
729
739
752
767
785
817
827
828
834
852
876
912
934
939
973
986
989
994
1010
1011
1081
1091
1114
1137
1143
1151
1171
1200
1206
1235
1242
1249
1275
1352
1360
1472
1493
1530
1662
1740
1802
1930
1997
2096
2134
2334
2385
2395
2502
2817
2875
3026
3043
3295
3439
