1
2
3
4
5
6
8
9
10
11
12
13
14
15
16
17
18
20
21
22
24
25
26
28
29
32
33
34
35
36
37
38
39
40
41
42
43
44
45
48
49
50
51
53
54
55
56
57
58
61
62
63
64
66
67
68
69
70
72
73
75
76
78
79
85
88
91
93
97
98
103
104
115
118
120
121
122
125
126
127
128
134
135
138
139
141
143
146
149
150
151
153
155
160
164
165
166
167
168
169
171
172
174
178
179
181
189
193
198
200
204
205
207
212
213
215
217
219
221
224
227
228
238
239
240
242
258
263
264
268
273
279
283
284
287
289
290
300
301
316
319
322
324
328
345
347
349
383
387
390
392
394
395
402
404
416
417
420
424
435
441
443
451
452
455
463
473
485
486
488
494
496
498
503
509
516
518
530
539
540
541
542
547
552
556
557
560
561
583
592
595
605
606
610
627
674
679
682
695
700
704
729
735
739
747
767
796
829
836
838
840
849
853
854
859
860
875
876
881
894
904
909
916
917
925
949
961
977
994
1011
1013
1021
1031
1045
1047
1091
1108
1164
1185
1200
1217
1235
1260
1266
1267
1275
1288
1291
1299
1305
1329
1331
1338
1344
1353
1390
1394
1405
1464
1470
1488
1493
1512
1513
1590
1631
1636
1678
1689
1693
1732
1757
1768
1781
1796
1823
1834
1839
1859
1910
1912
1913
1920
1929
1963
1984
2024
2114
2133
2149
2164
2177
2221
2235
2257
2305
2349
2364
2461
2559
2560
2563
2614
2652
2824
2874
2947
2965
2980
3005
3105
3163
3306
3318
3356
3439
3484
3512
3527
3542
3622
3737
3827
3853
3919
