1
2
5
12
13
18
22
23
31
34
37
45
46
49
53
55
56
79
84
113
122
124
126
146
162
164
200
207
208
209
210
211
212
215
224
227
239
286
296
297
304
305
314
317
322
329
347
348
380
424
438
456
460
480
542
543
547
556
588
642
643
658
680
695
721
735
772
778
826
827
839
854
859
875
924
930
962
973
983
986
987
994
1045
1087
1096
1143
1152
1155
1166
1173
1174
1216
1233
1235
1247
1254
1268
1339
1347
1359
1395
1472
1539
1596
1664
1709
1730
1779
1790
1804
1834
1905
1944
2049
2065
2185
2251
2328
2365
2395
2418
2461
2462
2502
2565
2611
2686
2933
3102
3123
3188
