1
2
3
4
10
11
13
21
22
23
30
34
36
42
45
51
52
56
70
71
75
76
78
79
87
88
91
94
102
105
116
117
121
125
133
134
138
139
140
146
149
151
155
163
167
178
181
189
192
199
200
201
202
207
208
210
211
212
221
224
227
240
242
243
253
261
271
273
276
286
295
305
330
340
347
359
362
374
380
388
394
402
408
427
428
435
438
460
480
490
505
528
540
542
543
545
557
560
572
588
600
621
622
635
641
642
679
686
687
692
695
706
721
729
736
737
752
772
785
787
794
815
821
827
841
849
864
872
881
886
895
898
917
934
947
951
981
991
994
1004
1022
1038
1057
1091
1095
1114
1136
1146
1162
1166
1188
1233
1235
1236
1242
1302
1353
1393
1472
1480
1483
1494
1520
1598
1600
1604
1631
1639
1679
1730
1740
1751
1753
1834
1851
1854
1898
2050
2060
2062
2096
2188
2192
2258
2265
2303
2347
2353
2444
2449
2458
2459
2466
2467
2502
2530
2680
2742
2851
2856
2948
3092
3155
3176
3177
3306
3319
3355
3429
3608
3639
3649
3880
3942
