5
10
22
32
42
44
45
53
55
62
63
64
70
72
85
87
91
95
96
97
115
118
119
120
121
122
123
124
131
132
139
140
152
174
188
198
213
221
233
241
256
264
265
276
279
294
300
309
312
313
322
329
333
337
338
343
351
354
357
361
368
375
376
377
392
396
397
403
410
413
416
418
435
446
458
464
465
466
467
471
472
473
474
486
487
488
494
509
514
516
518
526
542
546
552
553
562
568
576
583
600
629
634
638
639
646
647
650
651
656
664
673
678
688
689
691
698
712
714
718
727
730
740
741
746
750
764
773
787
788
790
792
799
801
805
808
813
818
823
828
834
837
838
845
847
871
873
877
879
887
894
898
902
903
907
913
918
920
926
931
935
940
943
956
960
964
968
975
978
983
996
1000
1012
1014
1024
1025
1027
1031
1035
1039
1043
1048
1049
1062
1066
1067
1092
1105
1125
1130
1137
1139
1140
1143
1147
1155
1162
1182
1186
1187
1191
1216
1218
1220
1223
1227
1230
1235
1246
1255
1259
1262
1269
1277
1278
1289
1301
1312
1320
1326
1334
1335
1340
1349
1359
1363
1372
1373
1387
1388
1395
1397
1402
1406
1411
1416
1420
1425
1434
1444
1449
1458
1463
1467
1473
1477
1478
1483
1493
1494
1504
1510
1524
1525
1526
1531
1537
1547
1548
1553
1563
1567
1569
1575
1578
1594
1595
1611
1617
1621
1626
1638
1639
1641
1643
1653
1655
1659
1668
1671
1681
1682
1687
1690
1691
1692
1696
1714
1723
1728
1735
1745
1746
1749
1751
1755
1770
1771
1774
1786
1787
1799
1815
1824
1857
1866
1871
1872
1879
1883
1884
1888
1896
1900
1908
1911
1916
1928
1931
1937
1947
1955
1959
1976
1977
1981
1986
1987
1994
1997
2002
2003
2005
2008
2019
2035
2036
2050
2052
2054
2060
2063
2086
2088
2100
2110
2127
2140
2143
2147
2152
2163
2167
2172
2184
2188
2189
2209
2218
2222
2247
2262
2263
2266
2267
2272
2289
2291
2297
2304
2305
2310
2311
2312
2313
2318
2320
2321
2327
2328
2338
2355
2361
2369
2370
2376
2378
2380
2393
2400
2403
2407
2420
2430
2431
2435
2436
2439
2463
2464
2466
2472
2478
2484
2495
2501
2510
2518
2522
2533
2538
2547
2552
2556
2560
2571
2572
2573
2581
2585
2597
2606
2616
2617
2638
2645
2646
2673
2681
2684
2707
2708
2712
2713
2719
2741
2742
2745
2746
2750
2767
2770
2771
2786
2787
2801
2809
2811
2826
2827
2830
2836
2846
2850
2851
2858
2867
2876
2892
2896
2900
2901
2902
2911
2912
2915
2919
2920
2925
2926
2930
2944
2945
2957
2969
2973
2977
2979
2992
2998
2999
3003
3004
3007
3018
3032
3040
3041
3068
3077
3082
3098
3117
3122
3129
3130
3135
3144
3147
3148
3149
3154
3165
3176
3177
3180
3181
3183
3186
3192
3193
3196
3201
3202
3205
3213
3218
3225
3229
3241
3247
3250
3251
3256
3257
3259
3260
3269
3276
3277
3284
3287
3290
3291
3292
3299
3302
3316
3317
3320
3332
3333
3335
3336
3337
3339
3343
3351
3352
3363
3366
3367
3376
3388
3389
3393
3409
3410
3414
3418
3428
3429
3434
3441
3444
3448
3458
3459
3466
3469
3472
3473
3489
3490
3500
3503
3504
3505
3509
3519
3524
3530
3533
3534
3538
3539
3543
3544
3553
3557
3559
3562
3563
3573
3575
3578
3579
3585
3592
3593
3599
3603
3610
3615
3620
3621
3628
3638
3640
3647
3651
3654
3660
3661
3665
3670
3685
3686
3693
3699
3700
3704
3717
3725
3738
3742
3743
3747
3751
3753
3757
3772
3791
3797
3801
3811
3826
3830
3836
3840
3844
3850
3857
3869
3877
3882
3883
3891
3892
3906
3915
3916
3929
3938
3939
3946
3949
3952
3954
3956
3957
3973
3976
3977
10002
10003
