1
2
3
4
5
6
7
9
10
11
12
13
14
15
17
19
20
21
22
23
24
25
26
27
28
29
31
32
33
34
36
37
38
39
40
41
42
43
44
45
46
48
49
50
51
53
54
55
56
57
59
60
61
64
68
69
70
71
72
73
74
75
76
78
79
82
83
84
85
87
88
91
92
93
96
98
100
102
103
104
107
110
112
113
114
115
116
117
120
121
122
124
125
126
127
128
129
130
133
134
135
136
137
138
139
140
141
142
143
146
148
150
151
153
155
156
162
165
166
167
169
175
176
179
180
181
182
187
188
189
198
199
200
202
203
204
205
206
207
208
209
210
211
212
215
217
221
224
226
227
228
229
230
234
236
237
238
239
240
242
250
252
253
255
256
257
258
259
260
268
269
271
272
273
278
283
286
287
289
290
295
297
298
300
301
311
314
315
316
319
321
322
323
325
327
337
338
339
340
342
344
345
347
349
353
355
359
362
363
365
366
368
371
373
378
380
386
387
388
394
402
403
407
408
409
410
415
416
420
421
424
426
427
432
433
435
437
442
443
445
448
450
451
453
460
463
468
475
489
494
496
498
503
505
509
518
523
525
530
540
543
545
551
556
557
560
564
567
570
572
577
582
584
588
605
608
617
621
622
628
632
635
647
653
657
658
663
670
678
679
684
692
694
695
696
697
700
701
704
706
713
716
720
721
723
724
727
729
733
735
739
751
752
755
767
768
769
772
778
781
785
786
787
791
792
796
799
815
819
829
836
841
844
845
850
862
863
872
875
876
877
887
904
907
912
920
933
938
945
968
973
977
979
981
987
990
992
993
994
1002
1004
1008
1010
1011
1022
1024
1028
1029
1041
1044
1046
1047
1057
1068
1071
1074
1075
1079
1081
1091
1094
1095
1100
1141
1143
1146
1161
1164
1166
1169
1171
1188
1190
1193
1197
1200
1209
1233
1235
1244
1248
1249
1251
1254
1267
1268
1283
1287
1290
1293
1309
1310
1312
1319
1323
1325
1326
1335
1347
1353
1367
1380
1390
1405
1410
1415
1428
1455
1462
1466
1472
1475
1481
1485
1486
1488
1490
1492
1493
1497
1498
1504
1507
1524
1526
1529
1539
1547
1570
1572
1591
1611
1625
1633
1636
1642
1650
1661
1664
1665
1669
1670
1691
1698
1700
1705
1710
1712
1721
1729
1732
1733
1752
1757
1762
1768
1769
1771
1797
1800
1823
1824
1832
1834
1852
1868
1882
1887
1888
1910
1944
1962
1975
1985
1987
2008
2035
2043
2047
2050
2055
2062
2065
2087
2096
2114
2127
2151
2161
2181
2192
2203
2204
2208
2221
2226
2235
2241
2257
2263
2291
2296
2300
2302
2303
2380
2385
2402
2422
2439
2444
2448
2451
2461
2466
2472
2482
2487
2502
2506
2514
2530
2542
2549
2559
2561
2563
2574
2580
2582
2592
2603
2622
2640
2641
2698
2743
2759
2827
2836
2858
2895
2904
2907
2926
2938
2954
2956
2968
3012
3015
3017
3136
3203
3259
3286
3289
3307
3345
3366
3408
3417
3418
3438
3445
3515
3518
3551
3607
3635
3650
3680
3711
3713
3742
3799
3987
