2
7
9
12
13
29
43
48
50
60
62
66
67
69
70
89
96
149
150
166
168
171
172
189
202
204
223
224
227
231
233
241
258
263
264
268
273
279
282
292
294
296
313
319
326
335
342
343
356
357
360
365
367
368
369
371
372
375
380
381
382
384
390
391
396
398
400
405
412
415
423
441
445
447
453
458
462
464
469
470
477
478
479
483
486
492
497
504
507
509
519
523
528
537
539
553
556
564
573
587
592
593
598
625
628
633
634
640
650
651
660
667
668
670
672
679
710
728
738
750
754
762
770
772
775
779
780
781
782
788
789
793
800
805
808
810
812
829
836
837
840
843
858
866
869
877
878
883
887
891
892
899
902
906
908
910
913
914
920
927
932
939
952
957
963
964
970
972
973
976
989
991
996
1006
1012
1015
1017
1025
1030
1033
1037
1040
1041
1056
1058
1067
1071
1073
1085
1088
1093
1103
1104
1118
1131
1134
1137
1140
1154
1175
1180
1183
1185
1199
1201
1215
1217
1227
1228
1230
1232
1237
1238
1247
1248
1250
1252
1256
1259
1266
1271
1276
1281
1290
1295
1304
1307
1317
1323
1330
1342
1344
1352
1359
1360
1362
1363
1390
1399
1401
1406
1414
1427
1432
1442
1447
1453
1467
1478
1486
1492
1510
1512
1513
1515
1518
1523
1524
1538
1551
1561
1563
1569
1573
1577
1588
1610
1611
1621
1622
1627
1628
1634
1641
1643
1648
1680
1685
1686
1688
1690
1716
1728
1735
1739
1742
1753
1759
1766
1776
1780
1799
1802
1806
1808
1812
1814
1819
1822
1823
1828
1830
1835
1837
1840
1860
1862
1863
1866
1872
1878
1884
1896
1903
1904
1908
1916
1922
1924
1925
1927
1952
1954
1956
1969
1979
1994
1998
1999
2001
2005
2019
2028
2029
2033
2038
2048
2063
2081
2083
2101
2110
2117
2119
2125
2128
2139
2147
2152
2160
2162
2165
2169
2177
2178
2180
2183
2189
2195
2197
2217
2221
2235
2240
2249
2266
2269
2280
2310
2317
2338
2344
2348
2358
2364
2366
2376
2393
2396
2400
2409
2413
2417
2427
2436
2440
2442
2443
2447
2450
2455
2457
2464
2469
2470
2481
2485
2489
2495
2505
2507
2513
2514
2520
2521
2523
2524
2525
2527
2535
2539
2541
2543
2544
2549
2550
2566
2572
2575
2578
2579
2582
2584
2591
2597
2598
2600
2601
2607
2613
2614
2638
2647
2651
2652
2654
2681
2698
2709
2719
2729
2739
2745
2748
2750
2761
2769
2790
2802
2806
2807
2816
2818
2827
2829
2834
2842
2843
2844
2847
2849
2851
2862
2864
2867
2868
2894
2912
2927
2928
2929
2930
2939
2941
2946
2947
2949
2954
2961
2963
2965
2967
2979
2992
2999
3001
3007
3009
3012
3014
3021
3024
3025
3027
3032
3044
3047
3079
3084
3091
3099
3100
3101
3102
3115
3116
3128
3153
3154
3155
3178
3179
3190
3222
3227
3232
3233
3235
3247
3250
3251
3260
3264
3270
3272
3274
3280
3283
3289
3296
3300
3304
3307
3312
3317
3326
3334
3335
3336
3337
3343
3345
3348
3352
3360
3370
3377
3378
3380
3382
3395
3404
3405
3411
3416
3422
3426
3428
3430
3432
3433
3443
3444
3461
3463
3464
3468
3470
3492
3495
3505
3506
3512
3513
3514
3516
3518
3519
3524
3525
3535
3536
3539
3547
3549
3550
3556
3558
3559
3560
3569
3574
3577
3588
3589
3591
3596
3602
3605
3609
3610
3618
3621
3622
3623
3625
3627
3629
3630
3648
3649
3658
3663
3666
3667
3669
3671
3677
3680
3681
3697
3700
3704
3715
3723
3725
3726
3732
3733
3736
3747
3749
3750
3751
3752
3753
3754
3756
3757
3761
3762
3765
3770
3782
3783
3789
3790
3792
3805
3817
3821
3828
3848
3850
3855
3857
3867
3869
3870
3871
3874
3875
3876
3881
3886
3888
3894
3895
3896
3899
3901
3908
3916
3918
3927
3930
3932
3935
3945
3953
3958
3968
3971
3973
