1
3
4
5
9
11
13
14
15
20
21
22
23
24
26
27
28
31
32
33
34
35
40
41
46
49
53
54
55
56
67
70
72
74
75
76
81
84
107
110
112
121
125
128
136
146
148
151
162
175
176
177
178
180
181
182
183
184
185
189
197
199
202
206
215
223
225
230
238
240
242
274
283
292
297
312
313
322
337
345
354
383
387
394
402
410
416
453
485
493
497
498
503
509
550
560
567
570
581
584
586
600
602
619
647
678
735
752
796
878
881
884
921
974
992
1003
1047
1049
1079
1089
1095
1109
1148
1266
1293
1310
1331
1341
1367
1378
1470
1480
1581
1653
1731
1859
1910
1991
2000
2095
2099
2385
2388
2405
2584
2594
2733
2741
3025
3090
3228
3280
3507
3612
3673
3703
3737
3739
