1
3
14
20
23
28
32
37
41
42
45
48
54
56
59
68
71
77
84
128
163
164
176
188
189
200
207
208
210
220
239
253
273
300
322
339
340
347
358
359
362
380
384
394
416
424
435
438
444
452
498
528
532
621
642
661
670
678
723
729
733
745
759
764
767
770
811
818
829
832
839
849
853
872
885
895
933
986
992
994
1248
1280
1282
1290
1297
1326
1353
1364
1405
1408
1419
1434
1472
1552
1743
1765
1814
1845
1861
1865
1878
1885
2021
2097
2237
2251
2255
2336
2468
2502
2537
2625
2672
2676
2768
2799
2817
3043
3047
3071
3076
3101
3161
3433
3459
3508
3552
3607
