1
2
3
4
5
7
9
11
13
17
18
19
20
21
22
23
24
26
27
28
33
35
36
39
42
48
49
53
54
56
60
61
62
66
67
68
71
72
74
75
76
78
82
83
88
98
101
102
103
105
115
120
121
122
124
125
127
128
137
139
141
146
149
150
151
153
155
159
161
165
167
169
181
199
200
204
205
206
209
215
220
221
226
227
228
230
232
234
235
236
238
239
242
279
281
283
295
300
301
309
322
325
328
332
334
339
340
341
347
349
350
356
362
368
380
381
386
387
392
394
395
407
415
416
424
429
438
443
455
459
460
462
470
480
485
487
516
523
554
557
560
567
570
589
592
605
628
633
643
648
652
655
658
674
680
692
704
712
716
727
739
746
763
771
849
881
896
904
912
933
938
974
977
981
986
992
994
1004
1007
1122
1192
1229
1277
1325
1339
1347
1353
1358
1386
1436
1438
1446
1450
1464
1493
1496
1519
1550
1572
1590
1638
1650
1656
1679
1717
1732
1743
1763
1768
1789
1832
1854
1868
1984
2006
2043
2144
2215
2235
2236
2241
2302
2337
2381
2452
2488
2570
2621
2623
2626
2627
2629
2631
2636
2637
2657
2665
2666
2667
2683
2704
2705
2715
2721
2743
2848
2903
2956
3010
3105
3137
3354
3453
