1
3
7
15
17
23
24
26
31
32
33
34
36
39
41
42
43
45
48
49
54
56
62
65
68
72
73
74
78
81
87
92
97
103
111
116
122
123
124
126
130
132
133
135
136
139
146
151
153
189
199
200
208
209
210
212
213
222
227
238
239
253
287
297
310
316
325
329
332
334
347
394
399
410
417
424
435
443
450
456
460
475
480
516
523
543
545
547
605
621
636
647
713
716
724
731
735
739
759
787
802
845
853
862
863
875
895
904
933
940
968
991
994
1003
1004
1014
1026
1052
1081
1143
1146
1156
1157
1166
1188
1226
1235
1244
1290
1312
1443
1552
1559
1584
1631
1664
1669
1670
1687
1689
1723
1797
1823
1963
2074
2127
2208
2311
2385
2402
2428
2434
2498
2517
2539
2612
2712
2895
3203
3608
3660
3710
3724
3915
