1
4
11
14
15
16
18
26
27
31
33
34
35
36
37
39
40
41
42
45
46
47
48
49
51
53
54
55
56
57
59
63
64
66
68
73
74
75
78
79
80
81
84
85
88
90
105
106
108
118
119
120
121
122
123
128
130
134
135
136
137
139
140
149
150
152
153
154
157
158
162
163
164
167
169
170
174
179
188
189
198
200
204
209
212
213
215
216
217
218
219
220
221
228
229
238
239
240
243
244
245
247
248
249
251
252
253
255
256
259
260
265
268
269
271
274
275
280
281
283
284
286
287
288
289
296
300
302
303
304
305
307
308
309
311
312
313
315
317
318
321
322
324
325
327
329
330
332
334
335
336
346
347
348
349
350
353
354
356
360
361
362
363
368
370
373
376
377
378
379
380
381
384
391
393
396
399
403
406
407
410
411
413
414
416
417
418
419
421
422
425
427
435
436
442
444
446
447
448
452
453
454
455
456
457
462
463
465
469
472
473
474
475
477
480
484
485
486
487
490
491
493
494
495
496
497
498
499
500
502
503
505
506
517
518
522
523
524
525
526
527
528
529
531
532
533
539
540
542
546
548
553
554
555
560
561
562
565
566
568
573
575
581
582
587
594
598
599
604
605
609
611
616
621
622
624
628
630
631
632
636
638
641
643
644
645
646
648
654
656
658
659
661
665
666
667
673
674
675
679
682
683
689
690
691
692
694
695
697
698
699
702
704
705
706
710
711
713
714
717
718
719
720
721
722
723
724
729
731
733
734
735
737
739
740
741
744
745
746
747
748
749
750
752
755
757
758
759
760
764
766
768
769
773
774
775
778
781
782
786
789
792
794
795
798
801
803
804
805
806
807
809
810
811
812
813
815
817
819
820
821
822
823
825
826
827
832
833
835
839
840
843
845
846
848
849
850
851
852
853
857
860
861
862
864
867
870
871
873
874
875
877
879
881
883
885
888
889
890
891
892
893
896
898
900
902
904
905
907
908
909
910
911
912
914
915
916
918
922
923
924
927
928
929
930
931
932
934
937
939
941
942
943
944
945
946
948
949
950
952
953
954
955
956
957
959
960
961
962
963
966
969
973
974
975
976
977
978
980
982
983
985
986
989
990
992
994
995
996
997
999
1000
1001
1002
1004
1005
1007
1008
1010
1011
1013
1014
1018
1019
1020
1023
1024
1027
1029
1030
1031
1032
1034
1035
1036
1037
1039
1040
1043
1046
1048
1049
1051
1052
1053
1054
1057
1058
1060
1063
1064
1065
1066
1072
1073
1074
1085
1086
1089
1090
1091
1093
1094
1095
1099
1101
1102
1105
1109
1110
1121
1122
1124
1125
1128
1130
1131
1133
1139
1140
1144
1146
1150
1151
1152
1157
1160
1162
1167
1169
1170
1176
1177
1178
1181
1182
1184
1186
1187
1191
1196
1198
1199
1200
1202
1207
1210
1213
1217
1218
1219
1222
1223
1224
1228
1229
1230
1231
1232
1233
1235
1239
1243
1246
1248
1250
1252
1253
1254
1255
1257
1258
1260
1262
1263
1266
1267
1268
1272
1273
1274
1275
1277
1282
1283
1284
1287
1288
1289
1292
1293
1295
1296
1298
1299
1300
1301
1304
1306
1307
1310
1311
1313
1314
1324
1326
1329
1330
1331
1333
1335
1337
1338
1340
1343
1345
1346
1349
1351
1352
1353
1354
1356
1357
1363
1365
1366
1368
1375
1380
1381
1383
1385
1386
1388
1389
1390
1391
1394
1395
1402
1403
1406
1408
1409
1413
1418
1423
1424
1425
1426
1427
1428
1429
1431
1434
1436
1437
1438
1439
1441
1442
1444
1449
1450
1452
1453
1458
1460
1463
1464
1465
1467
1470
1471
1472
1473
1475
1476
1477
1478
1480
1481
1482
1487
1488
1491
1493
1497
1498
1499
1502
1503
1504
1508
1509
1512
1514
1515
1521
1524
1526
1528
1533
1534
1535
1536
1537
1538
1539
1546
1547
1548
1550
1552
1558
1559
1560
1561
1562
1563
1564
1566
1567
1568
1569
1570
1572
1574
1575
1577
1578
1580
1582
1583
1584
1588
1589
1590
1591
1594
1595
1598
1599
1601
1604
1605
1606
1608
1610
1618
1619
1620
1626
1627
1628
1629
1630
1631
1632
1636
1637
1639
1640
1642
1643
1646
1648
1649
1652
1654
1655
1656
1658
1662
1664
1665
1670
1671
1672
1673
1674
1675
1679
1681
1684
1685
1686
1687
1690
1691
1695
1696
1697
1700
1701
1703
1705
1706
1707
1708
1710
1711
1712
1713
1714
1718
1719
1720
1722
1723
1725
1726
1727
1728
1730
1732
1733
1734
1735
1738
1743
1744
1746
1748
1749
1751
1752
1755
1756
1760
1762
1764
1765
1766
1769
1770
1772
1773
1774
1775
1776
1778
1779
1782
1785
1787
1788
1792
1793
1798
1799
1800
1801
1803
1806
1807
1810
1813
1814
1815
1816
1817
1818
1819
1820
1822
1823
1824
1826
1827
1828
1829
1833
1834
1835
1838
1840
1846
1847
1848
1851
1852
1854
1855
1856
1858
1861
1862
1863
1865
1868
1870
1872
1874
1877
1878
1879
1882
1883
1885
1886
1887
1889
1891
1893
1894
1895
1898
1899
1901
1902
1905
1906
1908
1909
1911
1912
1913
1914
1916
1918
1920
1921
1923
1924
1926
1928
1929
1932
1936
1937
1938
1940
1942
1943
1944
1946
1947
1948
1950
1953
1955
1956
1958
1959
1961
1962
1964
1966
1967
1968
1970
1975
1979
1980
1981
1982
1983
1984
1985
1986
1989
1991
1992
1993
1994
1995
1996
1997
1998
2001
2003
2006
2007
2008
2009
2011
2012
2013
2015
2016
2017
2018
2019
2021
2022
2023
2025
2028
2029
2031
2032
2033
2035
2036
2037
2039
2040
2043
2044
2049
2050
2053
2054
2055
2056
2057
2059
2061
2064
2065
2070
2071
2073
2078
2079
2080
2085
2087
2088
2089
2090
2091
2094
2097
2098
2099
2100
2101
2104
2105
2106
2107
2108
2109
2110
2111
2113
2114
2115
2121
2122
2123
2125
2126
2127
2128
2131
2132
2133
2134
2135
2136
2137
2140
2141
2143
2144
2145
2146
2148
2149
2150
2151
2152
2154
2155
2157
2158
2161
2163
2164
2166
2170
2171
2172
2174
2176
2179
2183
2184
2185
2187
2188
2190
2191
2195
2196
2197
2198
2200
2201
2202
2206
2208
2210
2212
2213
2214
2215
2216
2217
2218
2219
2221
2225
2226
2227
2229
2233
2234
2237
2239
2241
2242
2244
2245
2246
2248
2249
2250
2251
2255
2256
2257
2258
2260
2261
2263
2267
2270
2271
2273
2274
2275
2277
2279
2280
2281
2282
2284
2289
2290
2291
2293
2294
2295
2297
2300
2301
2302
2303
2304
2305
2306
2307
2312
2317
2319
2321
2322
2323
2326
2328
2332
2333
2334
2335
2340
2341
2342
2343
2344
2345
2347
2348
2350
2352
2353
2354
2355
2357
2358
2361
2363
2364
2365
2366
2367
2368
2369
2371
2373
2381
2382
2383
2386
2387
2389
2391
2392
2393
2395
2397
2398
2399
2401
2402
2403
2404
2406
2407
2408
2410
2411
2412
2416
2418
2419
2420
2421
2422
2425
2426
2428
2431
2432
2433
2435
2436
2438
2439
2440
2441
2442
2444
2445
2446
2447
2448
2449
2451
2452
2453
2454
2455
2456
2458
2459
2460
2461
2462
2463
2464
2465
2467
2470
2473
2475
2476
2482
2488
2491
2495
2496
2497
2498
2499
2500
2501
2502
2503
2505
2506
2509
2510
2511
2512
2515
2517
2518
2519
2521
2524
2527
2528
2529
2530
2532
2534
2535
2536
2537
2538
2540
2541
2542
2545
2547
2548
2549
2551
2552
2553
2554
2555
2556
2557
2558
2559
2560
2561
2562
2563
2564
2567
2568
2569
2570
2572
2573
2574
2575
2576
2577
2580
2581
2584
2585
2586
2587
2588
2589
2590
2592
2593
2594
2596
2597
2598
2599
2601
2602
2603
2604
2605
2606
2607
2610
2611
2612
2613
2614
2615
2616
2617
2638
2639
2640
2643
2644
2646
2647
2653
2654
2655
2656
2657
2658
2659
2660
2661
2662
2664
2670
2672
2673
2678
2679
2680
2681
2682
2683
2684
2702
2706
2707
2708
2709
2711
2713
2717
2718
2728
2731
2732
2733
2735
2736
2737
2740
2741
2742
2744
2746
2747
2748
2750
2751
2760
2761
2762
2763
2765
2766
2768
2770
2771
2772
2778
2779
2780
2781
2784
2786
2788
2789
2790
2798
2799
2808
2809
2811
2812
2813
2814
2815
2817
2818
2819
2824
2826
2828
2830
2831
2832
2835
2836
2838
2841
2845
2846
2848
2850
2852
2855
2856
2857
2859
2860
2861
2862
2863
2865
2866
2868
2869
2870
2871
2873
2874
2875
2892
2895
2897
2898
2899
2900
2901
2902
2903
2905
2906
2907
2908
2909
2910
2913
2915
2916
2917
2918
2919
2920
2921
2923
2926
2931
2932
2933
2934
2935
2936
2940
2941
2942
2943
2944
2945
2946
2948
2951
2952
2954
2955
2956
2958
2960
2961
2962
2963
2964
2965
2966
2967
2968
2969
2970
2971
2972
2974
2975
2976
2977
2980
2983
2992
2996
2997
3000
3002
3004
3005
3009
3010
3011
3012
3013
3018
3020
3022
3023
3024
3025
3026
3027
3028
3030
3033
3034
3035
3036
3037
3038
3039
3040
3041
3042
3043
3044
3045
3046
3047
3048
3049
3065
3066
3067
3068
3069
3070
3071
3072
3073
3074
3075
3076
3077
3078
3079
3080
3082
3086
3092
3093
3095
3096
3097
3098
3101
3102
3105
3107
3108
3109
3111
3112
3113
3115
3116
3117
3122
3127
3128
3131
3132
3134
3139
3141
3142
3143
3145
3147
3148
3149
3151
3152
3153
3155
3158
3159
3160
3161
3162
3164
3165
3169
3171
3173
3175
3176
3177
3179
3180
3181
3183
3184
3185
3186
3187
3189
3190
3191
3192
3193
3194
3195
3196
3197
3199
3200
3201
3202
3205
3206
3207
3208
3209
3212
3213
3215
3217
3218
3219
3221
3224
3225
3229
3231
3232
3233
3235
3237
3238
3239
3240
3242
3243
3244
3245
3247
3248
3250
3251
3254
3255
3256
3257
3259
3261
3263
3264
3265
3266
3267
3269
3273
3275
3276
3277
3279
3281
3282
3283
3284
3285
3286
3287
3288
3289
3290
3291
3292
3294
3295
3296
3299
3300
3301
3309
3311
3312
3314
3315
3316
3318
3321
3323
3326
3327
3331
3332
3334
3336
3341
3342
3346
3347
3349
3350
3351
3353
3354
3355
3356
3357
3359
3361
3362
3363
3364
3366
3371
3375
3376
3378
3379
3380
3381
3382
3383
3385
3386
3387
3388
3391
3392
3393
3394
3395
3396
3397
3398
3400
3402
3404
3409
3410
3411
3413
3414
3416
3417
3418
3420
3422
3423
3424
3425
3427
3428
3429
3430
3431
3432
3433
3434
3435
3437
3439
3440
3444
3446
3447
3449
3450
3452
3453
3454
3457
3459
3462
3464
3466
3467
3468
3469
3470
3471
3473
3476
3477
3478
3479
3480
3481
3483
3484
3485
3486
3487
3488
3489
3491
3493
3494
3495
3496
3500
3501
3502
3505
3506
3507
3508
3509
3510
3511
3512
3513
3514
3515
3520
3522
3523
3524
3525
3526
3527
3529
3530
3531
3532
3533
3534
3535
3537
3538
3539
3540
3542
3544
3546
3548
3549
3550
3551
3552
3553
3555
3559
3562
3565
3566
3567
3568
3569
3572
3573
3574
3575
3576
3577
3578
3583
3584
3585
3587
3588
3589
3590
3591
3592
3593
3594
3595
3598
3599
3603
3605
3606
3607
3610
3616
3618
3619
3620
3623
3624
3625
3627
3629
3630
3631
3632
3633
3634
3635
3636
3637
3638
3639
3640
3641
3643
3644
3645
3647
3649
3651
3652
3653
3654
3655
3656
3659
3660
3661
3663
3664
3665
3667
3668
3670
3671
3672
3674
3676
3678
3679
3680
3681
3682
3683
3684
3685
3686
3687
3688
3689
3690
3691
3693
3695
3696
3697
3698
3701
3702
3706
3708
3709
3710
3711
3712
3715
3717
3718
3719
3721
3724
3725
3727
3728
3729
3730
3731
3732
3736
3737
3738
3739
3740
3741
3742
3743
3745
3748
3752
3755
3757
3759
3761
3762
3763
3766
3767
3768
3769
3770
3771
3772
3774
3776
3779
3780
3781
3784
3785
3786
3788
3795
3796
3797
3799
3801
3804
3805
3806
3809
3810
3811
3814
3818
3819
3824
3825
3826
3828
3830
3833
3834
3835
3836
3837
3838
3839
3840
3841
3842
3843
3845
3847
3850
3851
3852
3854
3858
3859
3860
3861
3862
3865
3866
3867
3868
3872
3873
3874
3875
3876
3877
3878
3880
3882
3883
3885
3886
3888
3891
3892
3895
3896
3897
3898
3899
3901
3903
3904
3905
3909
3910
3911
3912
3914
3915
3917
3919
3920
3921
3923
3925
3926
3927
3928
3929
3930
3933
3934
3935
3936
3937
3938
3939
3940
3942
3943
3944
3946
3947
3948
3949
3951
3952
3953
3956
3957
3969
3971
3972
3973
3974
3975
3976
3977
10005
