1
3
5
6
11
15
17
20
22
23
31
32
37
38
49
54
56
61
62
63
66
70
72
73
84
85
90
91
103
108
121
124
125
128
135
139
146
155
157
168
174
179
185
196
198
199
200
207
210
213
215
224
225
230
231
236
237
238
242
253
269
282
283
295
300
312
322
329
347
348
354
355
359
365
371
380
387
402
417
424
435
443
456
460
465
468
475
493
496
503
510
528
546
564
588
608
622
628
630
647
660
664
673
678
692
695
706
729
739
759
767
770
772
787
860
863
875
876
893
909
929
931
973
974
983
994
1004
1046
1091
1092
1094
1146
1156
1277
1282
1319
1344
1351
1368
1372
1411
1443
1472
1483
1537
1647
1698
1760
1781
1901
1929
1931
2035
2073
2234
2257
2292
2352
2385
2453
2467
2489
2812
2854
2915
3088
3148
3235
3286
3291
3331
3619
3719
3900
