1
3
4
5
6
11
12
13
15
17
18
20
24
28
31
33
34
36
38
39
41
42
45
48
49
51
53
54
55
56
57
63
68
70
71
72
73
74
75
78
79
80
81
88
91
92
94
112
114
121
122
123
124
127
128
131
134
135
139
143
146
152
162
165
168
169
171
182
185
198
199
200
202
204
205
207
208
210
213
215
221
222
234
237
238
239
240
242
252
253
259
268
273
278
283
295
297
300
301
322
323
328
332
334
341
347
355
357
359
360
376
378
380
387
394
402
412
424
435
438
459
460
465
498
503
516
518
525
526
528
547
551
557
560
605
647
652
678
680
692
697
713
716
720
721
724
735
739
743
759
780
787
796
819
824
848
851
853
875
905
918
920
945
958
974
977
983
994
1010
1046
1048
1060
1079
1094
1123
1143
1160
1161
1200
1202
1209
1214
1220
1229
1235
1251
1268
1283
1319
1334
1343
1347
1353
1358
1451
1456
1473
1483
1507
1537
1539
1589
1604
1669
1671
1677
1721
1731
1818
1839
1854
1903
1926
1952
1963
1969
1991
1999
2043
2056
2062
2101
2115
2133
2140
2183
2273
2291
2331
2353
2366
2380
2385
2402
2458
2487
2488
2491
2524
2554
2557
2559
2586
2587
2592
2625
2697
2858
2863
3081
3128
3193
3366
3462
3649
3702
3820
