1
2
3
4
5
6
7
8
9
10
11
12
13
14
15
16
17
18
19
20
21
22
23
24
25
26
27
28
29
31
33
34
35
38
39
41
42
43
44
45
46
48
49
50
51
53
54
55
56
57
58
59
61
62
64
66
67
69
70
73
74
75
76
78
79
80
81
82
83
84
85
86
87
88
90
91
94
96
100
103
104
107
109
110
111
112
113
115
116
118
119
120
121
122
123
124
125
127
128
129
133
134
136
137
141
142
143
144
146
149
150
151
152
153
155
160
162
164
167
168
169
172
174
175
176
177
178
179
180
181
182
184
185
187
189
192
193
196
197
198
200
202
203
204
205
206
208
209
214
215
217
219
222
223
225
226
229
230
231
234
235
236
238
239
240
242
258
260
263
264
268
273
274
278
279
283
287
292
297
300
303
310
312
319
322
326
328
334
344
345
347
349
350
358
371
374
380
383
387
389
394
401
402
404
405
409
410
412
414
416
417
427
435
438
441
442
443
448
450
455
457
459
462
463
485
493
495
496
498
503
507
509
516
518
520
523
525
532
540
541
543
546
547
550
554
557
560
566
567
570
572
575
577
583
584
605
620
621
627
628
632
643
645
647
650
658
662
670
671
680
682
684
689
692
693
695
700
703
704
705
707
713
716
721
724
726
728
733
735
739
744
746
754
757
763
766
784
787
796
805
806
832
837
838
840
847
848
852
859
860
867
875
876
881
887
898
899
901
904
905
907
909
912
921
930
931
938
939
947
956
961
977
979
987
994
1002
1007
1008
1012
1015
1020
1021
1025
1027
1039
1045
1068
1070
1075
1080
1094
1122
1125
1128
1143
1146
1148
1155
1162
1169
1174
1187
1204
1210
1249
1251
1280
1281
1295
1305
1321
1331
1356
1365
1368
1378
1400
1402
1423
1456
1464
1470
1472
1480
1481
1492
1493
1497
1502
1512
1513
1518
1519
1523
1524
1527
1539
1544
1545
1550
1552
1572
1581
1590
1614
1631
1637
1652
1661
1667
1668
1672
1679
1683
1690
1732
1733
1745
1748
1749
1750
1751
1752
1757
1768
1774
1780
1784
1789
1790
1800
1806
1823
1829
1833
1838
1840
1846
1848
1865
1887
1888
1901
1903
1907
1910
1925
1929
1948
1957
1967
1976
1979
1982
2006
2009
2011
2016
2023
2033
2054
2071
2078
2095
2099
2109
2144
2149
2182
2226
2235
2257
2327
2342
2364
2365
2384
2390
2400
2413
2423
2440
2451
2461
2462
2475
2481
2491
2520
2521
2551
2563
2574
2619
2625
2640
2645
2667
2703
2704
2709
2768
2770
2779
2780
2801
2810
2833
2840
2870
2873
2894
2939
2946
2951
2965
2966
2991
2993
3000
3024
3065
3066
3120
3136
3151
3163
3191
3197
3217
3289
3327
3330
3335
3361
3375
3417
3461
3473
3479
3487
3518
3536
3546
3658
3689
3713
3714
3729
3731
3737
3754
3765
3770
3775
3814
3819
3898
