1
2
3
4
5
7
9
10
11
12
13
14
15
16
17
19
20
26
30
33
34
35
36
37
40
42
44
45
46
48
49
53
54
55
56
61
72
73
74
75
78
82
84
88
93
102
115
118
121
122
123
124
128
129
134
143
146
147
153
155
162
167
179
198
199
202
204
205
206
207
212
215
217
231
236
239
242
252
253
263
268
273
295
300
307
315
322
323
327
347
349
350
357
367
380
384
387
395
398
412
416
423
424
435
442
445
451
453
455
476
496
498
509
516
518
540
557
560
567
570
635
636
643
658
678
692
696
707
724
735
739
740
752
757
767
780
790
801
848
853
878
884
905
909
912
921
935
955
974
991
994
1002
1008
1010
1011
1012
1046
1047
1167
1200
1205
1208
1209
1244
1247
1280
1290
1328
1331
1344
1347
1353
1356
1376
1411
1418
1464
1483
1529
1535
1589
1625
1629
1636
1648
1658
1661
1669
1685
1696
1710
1802
1812
1834
1838
1843
1846
1854
1886
1888
1910
1974
2054
2068
2125
2182
2231
2270
2273
2283
2390
2415
2448
2456
2461
2485
2491
2503
2551
2587
2602
2615
2628
2696
2787
2895
2914
2957
3136
3147
3159
3161
3175
3191
3210
3216
3375
3386
3510
3633
3711
3818
3849
