1
3
12
13
17
30
36
37
41
49
73
76
105
106
126
127
128
133
138
139
140
141
142
146
149
159
160
166
169
170
187
202
205
208
217
219
229
242
244
246
249
264
266
267
268
288
290
291
299
305
311
314
325
336
340
347
348
349
350
352
353
355
356
358
359
379
380
381
383
387
389
391
395
398
409
421
423
424
432
433
438
442
447
448
451
454
457
460
480
491
496
500
508
519
522
523
525
531
532
533
535
548
554
560
567
575
582
588
594
599
609
616
621
631
632
635
645
648
652
653
659
666
676
677
681
690
691
692
694
697
705
706
710
711
720
721
726
734
736
737
740
745
748
752
756
758
760
763
767
770
771
781
791
792
804
805
811
815
817
819
820
822
823
828
833
839
840
846
854
859
863
865
869
873
874
884
888
889
890
893
895
904
911
914
916
923
924
928
929
930
939
947
952
953
954
957
959
961
963
966
970
974
981
982
987
992
996
997
1001
1002
1010
1015
1016
1027
1036
1048
1054
1072
1074
1079
1086
1090
1096
1100
1110
1122
1123
1124
1128
1133
1138
1146
1152
1153
1156
1160
1165
1166
1169
1170
1171
1172
1177
1178
1181
1189
1198
1202
1207
1213
1218
1224
1244
1248
1255
1257
1258
1261
1275
1282
1284
1296
1297
1311
1331
1338
1345
1346
1347
1348
1357
1358
1365
1366
1370
1371
1386
1394
1396
1399
1400
1410
1418
1426
1429
1436
1442
1443
1452
1460
1461
1477
1481
1485
1487
1488
1490
1496
1497
1500
1506
1512
1519
1520
1525
1540
1542
1546
1554
1562
1570
1577
1590
1593
1600
1604
1612
1624
1630
1636
1638
1640
1647
1650
1654
1655
1656
1657
1658
1660
1674
1676
1679
1681
1684
1695
1711
1713
1719
1726
1733
1737
1740
1742
1743
1748
1763
1772
1775
1781
1782
1787
1788
1790
1794
1796
1797
1804
1805
1807
1814
1817
1830
1832
1836
1852
1857
1865
1876
1893
1897
1912
1915
1930
1932
1935
1938
1940
1941
1942
1943
1948
1980
1982
1983
1993
1994
1995
2001
2006
2007
2008
2009
2013
2014
2019
2023
2025
2031
2032
2034
2043
2048
2053
2062
2067
2068
2080
2083
2085
2094
2099
2103
2107
2115
2121
2122
2131
2133
2135
2150
2152
2154
2157
2166
2168
2170
2182
2183
2186
2190
2196
2201
2206
2215
2225
2227
2229
2244
2248
2249
2250
2251
2254
2260
2261
2262
2266
2268
2272
2273
2275
2283
2284
2287
2295
2301
2306
2309
2325
2336
2341
2342
2347
2349
2350
2351
2352
2353
2354
2357
2363
2364
2365
2367
2368
2370
2374
2384
2385
2395
2399
2402
2404
2405
2408
2418
2421
2423
2424
2434
2441
2442
2451
2453
2456
2459
2461
2465
2475
2488
2489
2491
2499
2501
2502
2506
2508
2512
2514
2516
2521
2524
2526
2531
2537
2539
2540
2547
2549
2554
2561
2564
2570
2581
2584
2588
2590
2593
2597
2598
2605
2606
2610
2612
2615
2641
2653
2657
2661
2670
2671
2682
2707
2711
2713
2716
2718
2729
2732
2743
2744
2747
2748
2763
2766
2767
2768
2780
2781
2784
2791
2799
2808
2813
2815
2830
2831
2840
2841
2842
2845
2848
2852
2856
2857
2869
2870
2875
2897
2898
2902
2910
2913
2916
2932
2933
2935
2947
2949
2950
2953
2955
2956
2958
2963
2964
2965
2975
2981
2982
2983
2996
3002
3005
3009
3013
3016
3020
3026
3032
3035
3039
3043
3044
3046
3063
3071
3076
3078
3080
3081
3083
3085
3090
3092
3104
3120
3121
3128
3134
3137
3138
3143
3144
3146
3153
3158
3159
3160
3162
3164
3167
3170
3176
3177
3184
3185
3186
3217
3223
3224
3237
3238
3242
3265
3267
3272
3279
3289
3295
3297
3298
3299
3305
3306
3311
3312
3316
3318
3321
3325
3327
3329
3331
3335
3337
3351
3365
3369
3371
3375
3378
3381
3389
3391
3395
3396
3404
3408
3410
3412
3416
3422
3425
3431
3434
3438
3442
3443
3447
3450
3458
3471
3481
3483
3484
3486
3487
3488
3493
3505
3507
3508
3509
3510
3518
3522
3527
3531
3532
3541
3542
3543
3545
3548
3551
3552
3556
3557
3568
3569
3572
3581
3583
3588
3591
3597
3606
3607
3623
3625
3629
3636
3641
3654
3659
3662
3663
3664
3668
3672
3678
3679
3682
3684
3690
3692
3694
3712
3713
3714
3715
3718
3719
3720
3721
3728
3729
3731
3737
3739
3740
3741
3749
3755
3760
3761
3773
3779
3784
3785
3790
3795
3803
3804
3805
3810
3811
3815
3816
3822
3829
3837
3839
3842
3843
3846
3851
3852
3853
3859
3860
3866
3868
3873
3879
3885
3889
3890
3900
3923
3926
3927
3930
3934
3935
3941
3943
3945
3948
3953
3969
3972
10005
