1
4
5
9
11
13
14
15
18
20
22
23
25
28
29
30
31
33
36
41
42
45
46
47
48
51
53
56
66
69
70
72
75
78
79
84
88
98
104
121
123
124
127
128
135
137
138
141
142
143
145
146
160
162
169
171
182
189
198
200
207
209
212
225
229
237
238
239
241
242
253
278
283
295
296
300
312
322
345
347
349
373
374
387
394
401
402
403
407
410
425
460
472
489
494
502
516
523
653
669
698
701
704
708
713
725
738
774
785
790
799
827
836
849
855
863
881
886
907
909
925
956
968
986
987
991
994
1000
1072
1074
1094
1095
1114
1139
1161
1291
1293
1301
1319
1351
1391
1464
1514
1519
1552
1574
1578
1590
1591
1636
1649
1675
1691
1726
1830
1922
2029
2035
2134
2210
2273
2326
2560
2574
2639
2642
2662
2751
2810
2812
2827
2962
3045
3080
3281
3479
3568
3629
3666
3685
3699
3714
3796
