3
4
10
11
15
25
32
37
41
42
46
48
49
51
54
56
64
70
72
74
85
91
98
121
124
128
129
132
134
137
142
144
146
149
162
198
200
205
208
214
218
226
232
239
253
283
295
297
304
310
316
337
373
387
397
402
403
410
424
456
460
493
546
552
560
583
621
687
726
735
743
763
785
795
837
847
863
875
904
907
909
910
918
929
946
947
975
981
1004
1010
1011
1027
1031
1129
1326
1351
1377
1423
1463
1466
1515
1521
1526
1594
1631
1746
1755
1781
1792
1799
1838
1944
2003
2048
2145
2320
2322
2378
2402
2440
2518
2546
2770
2812
2846
2897
2955
2999
3029
3031
3326
3363
3414
3480
3987
