1
2
3
5
6
7
8
9
11
13
15
16
17
19
20
23
25
26
27
33
34
36
38
42
44
45
46
48
49
50
51
53
54
55
56
57
59
61
62
65
69
72
73
75
76
79
81
84
88
92
93
101
102
108
118
121
125
127
128
133
134
136
141
143
146
149
151
153
165
169
196
197
198
199
200
202
206
207
210
211
212
213
215
221
226
227
229
230
235
236
238
239
242
253
258
268
273
283
287
289
300
304
312
316
328
341
347
359
371
377
380
386
387
392
394
412
424
445
460
468
475
480
482
485
486
494
496
498
516
525
529
540
543
560
567
572
583
589
605
628
637
642
646
647
653
664
680
724
729
735
743
753
787
809
820
847
867
875
876
877
881
909
912
921
947
966
968
979
981
986
994
1047
1080
1109
1133
1143
1200
1209
1219
1266
1267
1275
1290
1293
1326
1380
1443
1446
1539
1598
1606
1636
1669
1740
1784
1789
1797
1823
1854
1882
1886
1910
1914
1915
1926
1963
2016
2047
2067
2069
2081
2130
2154
2180
2448
2603
2622
2719
2986
3047
3161
3408
3432
3508
3552
3607
3648
3651
