1
2
3
4
5
7
9
11
13
15
17
20
23
24
26
28
29
31
34
35
41
49
51
53
55
56
58
61
66
67
70
72
75
78
81
83
86
88
90
99
101
110
115
116
118
121
125
128
134
135
136
141
152
162
169
175
176
177
178
181
183
184
185
189
196
197
202
204
207
209
217
227
234
238
242
258
263
283
300
319
344
345
349
389
412
414
429
438
443
451
459
485
506
509
523
526
540
560
570
584
595
603
610
611
621
643
647
701
704
707
739
741
844
852
875
881
889
933
976
994
1068
1137
1141
1148
1164
1200
1235
1251
1260
1280
1295
1353
1378
1389
1423
1512
1581
1588
1653
1679
1683
1731
1732
1741
1749
1752
1757
1768
1931
1934
1957
1971
2000
2016
2073
2165
2235
2251
2352
2356
2419
2455
2540
2643
2785
3191
3227
3392
3442
3498
3542
3560
3655
3667
3960
