1
2
3
4
5
7
8
9
10
11
12
13
14
15
17
18
19
20
21
22
23
24
25
31
32
33
34
36
39
40
41
42
43
44
45
46
47
48
49
50
51
52
53
54
55
56
57
59
60
62
63
64
66
67
68
69
70
71
72
74
75
76
77
78
79
80
82
84
88
90
91
92
93
96
98
99
101
102
103
104
105
106
107
108
112
113
114
116
120
121
122
123
124
125
126
127
128
129
130
131
133
134
135
138
139
140
141
142
143
144
146
148
149
151
152
153
154
155
159
160
162
165
166
167
168
172
176
177
179
180
185
186
188
189
192
198
199
200
202
205
206
207
208
209
210
211
212
213
215
217
218
220
221
222
223
224
226
227
229
230
232
235
236
238
239
240
241
242
246
250
252
253
254
255
259
261
269
271
274
277
280
282
283
286
287
289
291
294
295
297
298
300
301
304
305
309
311
314
316
317
322
323
325
328
329
330
332
333
337
339
340
341
343
347
348
354
358
361
365
377
378
380
381
383
385
386
394
395
398
399
400
402
403
408
410
413
415
416
417
419
422
424
426
428
432
435
437
438
440
442
443
445
450
451
452
456
460
468
470
472
473
475
480
487
489
491
493
496
498
503
505
507
518
525
527
528
529
536
539
540
543
556
560
563
567
581
588
593
601
606
616
621
628
631
632
640
642
647
648
649
650
658
662
665
670
673
674
678
679
680
691
692
694
695
696
697
698
703
706
707
708
711
713
714
716
721
723
726
727
729
731
732
733
735
736
739
740
743
746
752
759
766
767
772
773
780
784
785
787
792
794
797
799
801
805
815
823
827
829
833
834
845
852
856
863
870
875
876
886
887
898
902
904
907
909
912
918
919
920
924
926
931
934
940
941
945
950
952
959
962
974
976
981
983
987
989
992
993
994
1004
1008
1010
1011
1021
1023
1027
1029
1041
1043
1044
1045
1048
1059
1060
1062
1064
1071
1079
1086
1091
1094
1095
1122
1135
1136
1141
1143
1146
1151
1152
1162
1166
1171
1174
1190
1209
1216
1218
1220
1221
1225
1231
1235
1237
1245
1247
1248
1249
1267
1268
1277
1283
1290
1293
1296
1302
1305
1331
1335
1343
1344
1345
1352
1353
1358
1360
1369
1381
1383
1405
1418
1420
1423
1424
1444
1462
1466
1472
1494
1504
1507
1514
1518
1526
1528
1530
1531
1539
1541
1545
1564
1570
1574
1584
1590
1593
1598
1609
1631
1642
1644
1650
1654
1664
1669
1674
1676
1696
1703
1712
1761
1762
1769
1802
1805
1813
1823
1827
1834
1838
1860
1863
1865
1882
1885
1944
1979
1986
2009
2021
2023
2050
2074
2080
2089
2096
2101
2115
2134
2141
2145
2161
2212
2220
2226
2232
2235
2258
2260
2276
2291
2296
2334
2347
2352
2402
2407
2408
2414
2416
2421
2422
2453
2456
2457
2458
2461
2468
2502
2506
2523
2530
2537
2542
2551
2552
2559
2561
2589
2622
2625
2628
2640
2654
2672
2673
2685
2694
2697
2709
2768
2799
2817
2831
2850
2874
2931
2945
2950
2953
2958
2981
2997
3043
3071
3073
3086
3146
3155
3163
3191
3265
3281
3282
3295
3380
3389
3408
3418
3441
3442
3459
3474
3528
3535
3552
3652
