1
2
3
4
5
6
7
8
9
10
11
12
14
15
16
17
18
19
20
21
22
23
26
27
28
29
32
33
37
40
41
42
45
48
49
50
51
53
54
55
56
61
62
63
64
65
67
69
70
71
73
75
79
82
83
84
85
88
92
93
98
106
110
118
120
121
122
126
127
128
130
133
136
138
141
143
146
149
151
152
155
160
161
162
165
167
176
179
182
186
189
190
191
198
200
204
205
206
207
209
210
212
215
217
218
219
221
223
226
228
231
233
234
237
238
239
242
255
258
268
271
273
274
277
279
283
287
289
290
295
297
300
311
312
322
334
338
340
344
345
346
347
348
349
350
355
373
380
382
384
387
388
392
394
397
398
408
410
412
414
415
426
428
434
440
443
445
448
450
453
456
460
468
470
490
493
498
499
503
509
529
542
543
557
560
567
583
611
621
622
628
648
657
658
665
678
692
695
696
697
702
706
710
719
724
735
739
743
761
766
772
773
783
806
841
844
845
849
850
852
863
872
875
876
877
886
887
894
905
912
917
930
947
950
951
962
977
994
1010
1041
1046
1047
1053
1057
1064
1075
1114
1115
1117
1146
1154
1155
1163
1166
1190
1195
1197
1200
1209
1229
1254
1275
1283
1328
1344
1353
1413
1427
1429
1438
1446
1472
1504
1522
1535
1551
1570
1594
1610
1664
1669
1679
1717
1720
1723
1732
1768
1775
1801
1823
1903
1918
1944
1948
1962
1976
2035
2050
2239
2264
2270
2303
2342
2360
2365
2385
2393
2408
2433
2461
2502
2520
2530
2539
2568
2571
2583
2589
2592
2602
2625
2632
2816
2904
3042
3067
3073
3136
3190
3484
3549
3633
