1
2
3
4
5
7
9
11
12
13
14
15
17
19
20
22
23
26
27
28
31
32
33
34
35
38
42
43
44
45
46
48
49
51
53
54
55
56
58
66
67
68
70
71
72
73
74
75
76
77
78
79
84
88
89
98
102
105
110
118
121
122
125
128
133
134
135
136
138
141
146
149
151
152
153
155
162
169
179
180
181
183
189
191
196
197
200
202
203
205
206
207
208
209
210
215
217
231
238
239
242
253
258
259
263
264
268
282
283
300
303
312
315
322
326
328
338
345
347
350
371
377
380
383
386
387
395
402
405
409
410
412
413
417
421
424
435
441
443
448
451
453
462
463
475
485
496
509
526
540
560
561
583
595
611
619
620
627
628
633
636
643
647
680
692
696
700
703
713
724
733
735
754
763
767
778
796
829
832
837
844
845
860
867
875
876
881
884
901
904
907
921
926
937
939
941
945
961
974
980
986
992
994
1004
1005
1025
1046
1047
1051
1052
1070
1094
1119
1141
1143
1148
1158
1163
1166
1167
1174
1185
1200
1208
1235
1262
1283
1288
1291
1297
1312
1319
1323
1342
1343
1353
1355
1395
1407
1413
1419
1455
1470
1475
1480
1492
1502
1513
1518
1524
1526
1529
1535
1539
1546
1560
1568
1572
1581
1584
1598
1604
1629
1636
1647
1652
1665
1674
1685
1702
1710
1741
1752
1758
1768
1790
1800
1802
1815
1818
1829
1834
1836
1838
1863
1864
1877
1887
1888
1907
1910
1963
1974
2038
2044
2071
2098
2110
2116
2131
2134
2152
2182
2193
2220
2231
2259
2270
2273
2287
2360
2365
2367
2390
2393
2399
2402
2405
2406
2414
2429
2432
2433
2451
2455
2461
2491
2506
2515
2530
2537
2545
2559
2562
2580
2582
2587
2598
2602
2615
2619
2625
2658
2696
2697
2734
2907
2914
2921
2933
2948
2950
2964
2965
2972
3024
3035
3065
3074
3090
3093
3096
3106
3107
3130
3136
3145
3147
3159
3167
3175
3186
3223
3224
3228
3295
3305
3380
3402
3403
3510
3512
3521
3558
3583
3612
3627
3634
3666
3711
3739
3756
3789
3810
100202
