1
2
3
4
5
7
9
11
13
14
16
17
18
20
21
24
26
27
28
31
34
35
40
42
49
50
66
67
69
72
74
75
83
88
91
110
114
120
121
123
128
139
140
148
151
160
169
176
180
189
191
198
202
204
205
215
217
232
234
235
242
274
283
287
319
322
328
338
344
349
394
410
414
415
423
424
443
448
451
452
455
468
503
550
560
567
586
620
621
626
628
658
704
743
778
779
939
994
1045
1047
1141
1154
1193
1204
1221
1251
1380
1396
1405
1480
1512
1544
1581
1658
1721
1731
1768
1854
1877
1910
1974
2220
2270
2356
2528
2648
2677
2923
2957
3121
3258
3498
