1
3
4
5
10
12
14
15
16
20
22
23
25
30
32
33
37
38
41
42
45
49
50
51
54
56
57
59
63
64
65
68
71
73
74
75
76
79
93
97
101
103
116
122
123
124
125
127
128
129
133
134
146
155
158
162
165
176
185
187
200
205
206
207
208
209
210
215
221
227
234
238
240
253
269
279
282
286
287
295
300
322
323
324
332
334
337
347
348
359
373
394
416
424
438
443
450
452
459
470
472
473
491
493
498
503
525
543
547
556
560
567
572
581
593
680
692
701
715
721
723
727
735
752
767
848
852
868
875
888
905
934
945
968
981
987
994
1023
1029
1038
1161
1190
1197
1201
1206
1216
1219
1229
1268
1312
1338
1381
1429
1438
1485
1634
1642
1653
1743
1752
1854
1877
1878
1909
1922
1926
2035
2043
2115
2136
2232
2544
2622
2762
2817
3043
3105
3161
3208
3522
3552
