94
95
96
98
99
100
101
102
103
104
105
106
107
108
109
110
111
112
113
114
116
117
124
129
144
145
156
173
199
222
226
230
235
236
250
255
257
270
272
285
297
298
314
331
333
337
341
366
404
426
427
428
429
431
437
449
450
501
508
510
513
515
530
536
538
543
545
549
558
559
563
572
582
589
590
606
617
623
637
652
653
654
655
662
663
666
669
671
687
690
700
701
703
742
776
783
814
834
863
865
872
889
894
897
919
938
951
958
965
968
971
979
987
988
993
998
1008
1022
1026
1028
1038
1080
1104
1110
1120
1123
1145
1161
1214
1245
1257
1261
1273
1302
1305
1315
1325
1339
1361
1367
1372
1373
1376
1377
1379
1382
1430
1443
1448
1457
1469
1483
1485
1490
1506
1516
1519
1522
1530
1569
1586
1597
1600
1602
1609
1612
1617
1628
1644
1650
1660
1666
1676
1719
1740
1766
1902
1916
1932
1973
1993
2003
2005
2049
2096
2196
2236
2246
2265
2277
2313
2322
2331
2368
2378
2385
2415
2421
2440
2445
2458
2467
2471
2476
2477
2479
2509
2538
2581
2583
2603
2641
2646
2673
2689
2764
2773
2791
2792
2846
2867
2872
2920
2925
2973
3004
3067
3068
3157
3203
3241
3249
3313
3319
3327
3331
3367
3372
3373
3425
3486
3515
3526
3544
3553
3558
3559
3562
3575
3585
3590
3593
3715
3772
3786
3787
3812
3820
3831
3841
3879
3902
3939
3949
3973
