1
2
3
4
5
6
7
8
9
10
11
12
13
14
15
16
17
18
19
20
21
22
23
24
25
26
27
28
29
30
31
32
33
34
35
36
37
38
39
40
41
42
43
44
45
46
47
48
49
50
51
52
53
54
55
56
57
58
59
60
61
62
63
64
65
66
67
68
69
70
71
72
73
74
75
76
77
78
79
80
81
82
83
84
85
86
87
88
89
90
91
92
93
94
95
96
97
98
99
100
101
102
103
104
105
106
107
108
109
110
111
112
113
114
115
116
117
118
119
120
121
122
123
124
125
126
127
128
129
130
131
132
133
134
135
136
137
138
139
140
141
142
143
144
145
146
147
148
149
150
151
152
153
154
155
156
157
159
160
162
164
165
166
167
168
169
170
171
172
173
174
175
176
177
178
179
180
181
182
183
184
185
186
187
188
189
190
191
192
193
194
195
196
197
198
199
200
201
202
203
204
205
206
207
208
209
210
211
212
213
214
215
216
217
218
219
220
221
222
223
224
225
226
227
228
229
230
231
232
233
234
235
236
237
238
239
240
241
242
243
244
247
249
250
251
252
253
255
256
257
258
260
261
262
263
264
266
268
269
270
271
272
273
274
275
277
278
279
280
281
282
283
284
285
286
287
289
290
291
292
295
296
297
298
299
300
301
303
304
305
306
307
308
309
310
311
312
313
314
315
316
317
318
319
321
322
323
324
325
326
327
328
329
330
331
332
333
334
336
337
338
339
340
341
342
343
344
345
346
347
348
349
350
352
353
354
355
356
357
358
359
362
363
365
366
367
368
369
370
371
372
373
374
375
376
377
378
380
381
383
384
385
386
387
388
389
390
391
392
394
395
396
397
398
399
400
401
402
403
404
405
406
407
408
409
410
411
412
413
414
415
416
417
419
420
421
424
426
427
428
429
430
431
432
433
434
435
436
437
438
439
440
441
442
443
444
445
446
448
449
450
451
452
453
454
455
456
457
459
460
461
462
463
464
465
466
468
470
472
473
474
475
476
477
480
481
482
483
485
486
488
489
490
491
492
493
494
495
496
498
500
501
502
503
504
505
506
507
508
509
510
511
512
513
515
516
517
518
522
523
524
525
526
527
528
529
530
532
534
535
536
537
538
539
540
541
542
543
545
546
547
549
550
551
553
554
556
557
559
560
561
562
563
564
565
566
567
569
570
572
575
576
577
579
581
582
583
584
585
586
587
588
589
590
591
592
594
595
596
598
599
600
601
602
605
606
607
609
610
611
617
619
620
621
622
623
624
626
627
628
630
631
632
633
635
636
637
638
639
640
641
642
643
645
646
647
648
649
650
652
653
654
655
657
658
659
661
662
663
664
665
667
668
669
670
671
672
673
674
675
678
679
680
682
684
685
686
687
688
689
690
692
693
694
695
696
697
698
699
700
701
702
703
704
705
706
707
710
711
712
713
714
715
716
717
718
719
720
721
723
724
725
726
728
729
731
733
735
736
737
738
739
740
741
742
743
744
745
746
750
752
753
754
756
757
759
761
762
763
764
765
766
767
768
769
770
771
772
773
774
775
776
778
779
780
781
783
784
785
786
787
788
790
791
792
794
795
796
797
798
799
801
802
803
804
805
808
809
810
812
813
814
815
817
818
819
821
822
823
825
826
827
828
829
831
832
833
834
836
837
838
839
840
841
842
843
844
845
846
847
848
849
850
851
852
853
854
855
856
857
858
859
860
861
862
863
864
865
866
867
868
869
870
871
872
873
874
875
876
877
878
879
880
881
882
883
884
885
886
887
888
889
890
891
892
894
895
896
897
898
899
900
901
902
903
904
905
907
908
909
910
911
912
913
914
916
917
918
919
921
922
923
924
925
926
929
930
931
932
933
934
935
937
938
940
941
942
943
944
945
946
947
948
949
950
951
952
953
954
955
956
957
958
959
960
961
962
964
965
966
967
968
969
970
973
974
975
976
977
978
979
980
981
983
984
985
986
987
988
989
990
992
993
994
995
997
999
1000
1002
1004
1005
1006
1007
1008
1009
1010
1011
1012
1013
1014
1015
1016
1018
1019
1020
1021
1022
1023
1024
1025
1026
1027
1028
1029
1030
1031
1032
1034
1035
1036
1037
1038
1039
1040
1041
1043
1044
1045
1046
1047
1048
1049
1050
1051
1052
1054
1059
1060
1061
1062
1065
1067
1068
1069
1070
1071
1072
1074
1075
1079
1080
1081
1082
1083
1084
1085
1086
1089
1090
1091
1092
1094
1095
1099
1100
1101
1102
1103
1105
1106
1108
1109
1110
1111
1115
1117
1118
1119
1120
1122
1123
1128
1129
1131
1133
1134
1135
1136
1137
1139
1140
1141
1143
1145
1146
1147
1148
1151
1152
1153
1154
1155
1156
1158
1159
1160
1161
1162
1163
1164
1166
1167
1168
1169
1171
1172
1174
1175
1176
1179
1180
1184
1185
1186
1188
1189
1190
1191
1192
1193
1195
1197
1198
1200
1201
1202
1203
1204
1206
1207
1209
1211
1214
1216
1217
1218
1219
1220
1221
1224
1225
1227
1228
1229
1231
1232
1233
1234
1235
1236
1240
1242
1243
1244
1245
1247
1248
1249
1251
1252
1254
1255
1257
1258
1259
1260
1261
1262
1266
1267
1268
1270
1274
1275
1277
1278
1280
1281
1282
1283
1284
1285
1287
1288
1289
1290
1291
1292
1293
1295
1297
1298
1299
1301
1302
1303
1304
1305
1306
1310
1311
1312
1313
1314
1315
1317
1319
1320
1321
1323
1325
1326
1327
1329
1330
1331
1332
1334
1335
1337
1338
1339
1340
1341
1342
1343
1344
1345
1346
1347
1348
1350
1351
1352
1353
1354
1356
1358
1360
1362
1363
1365
1366
1367
1368
1370
1371
1372
1373
1376
1377
1378
1379
1380
1381
1382
1383
1385
1386
1388
1389
1390
1391
1392
1393
1394
1395
1396
1399
1400
1402
1403
1404
1405
1406
1408
1409
1410
1411
1413
1414
1415
1420
1421
1422
1423
1424
1425
1428
1429
1431
1432
1436
1437
1438
1439
1441
1443
1444
1446
1448
1451
1452
1454
1455
1456
1457
1458
1461
1462
1463
1464
1465
1466
1470
1472
1473
1475
1478
1479
1480
1481
1482
1483
1484
1485
1486
1487
1488
1489
1490
1492
1493
1494
1495
1496
1497
1498
1499
1502
1503
1504
1509
1511
1512
1513
1514
1517
1518
1519
1520
1523
1524
1525
1526
1527
1528
1529
1531
1532
1533
1534
1535
1536
1537
1539
1541
1544
1545
1546
1547
1549
1550
1551
1552
1553
1555
1557
1558
1559
1561
1562
1564
1566
1567
1568
1570
1571
1572
1574
1578
1579
1581
1582
1583
1584
1587
1588
1590
1591
1593
1594
1596
1597
1601
1603
1604
1606
1607
1608
1609
1610
1611
1612
1613
1614
1617
1621
1622
1623
1625
1626
1628
1631
1633
1634
1636
1637
1639
1642
1643
1644
1646
1647
1648
1650
1652
1653
1654
1655
1657
1658
1661
1662
1665
1667
1668
1669
1670
1671
1672
1673
1674
1675
1676
1678
1679
1680
1683
1685
1686
1688
1689
1691
1693
1695
1696
1697
1699
1700
1703
1704
1705
1706
1710
1711
1712
1713
1716
1717
1718
1719
1721
1722
1723
1726
1727
1729
1730
1731
1732
1733
1734
1735
1737
1740
1741
1743
1748
1749
1750
1751
1752
1756
1757
1758
1759
1760
1761
1762
1763
1764
1765
1768
1769
1770
1772
1773
1776
1777
1778
1779
1780
1781
1782
1783
1784
1785
1787
1788
1789
1790
1791
1792
1793
1795
1796
1797
1798
1800
1801
1802
1804
1805
1809
1811
1812
1813
1814
1816
1817
1821
1822
1823
1824
1825
1827
1829
1832
1833
1834
1836
1837
1838
1839
1840
1842
1845
1846
1847
1848
1850
1851
1852
1854
1855
1856
1857
1859
1861
1862
1863
1864
1865
1870
1871
1873
1876
1877
1878
1879
1881
1882
1884
1885
1886
1887
1888
1889
1890
1893
1894
1895
1898
1900
1901
1902
1903
1905
1907
1909
1910
1911
1912
1914
1915
1920
1922
1923
1925
1926
1928
1929
1930
1931
1932
1934
1935
1937
1941
1942
1943
1944
1945
1947
1948
1950
1952
1953
1954
1955
1957
1958
1962
1963
1965
1967
1969
1970
1971
1972
1974
1975
1976
1977
1978
1979
1980
1981
1982
1984
1985
1986
1987
1991
1992
1993
1994
1996
1998
2000
2001
2002
2003
2006
2007
2009
2011
2012
2013
2014
2016
2017
2021
2022
2024
2027
2028
2032
2033
2034
2035
2036
2037
2039
2040
2043
2044
2045
2046
2048
2049
2050
2053
2054
2055
2056
2057
2058
2061
2062
2063
2064
2067
2069
2070
2071
2073
2074
2075
2076
2078
2079
2080
2081
2085
2086
2089
2090
2091
2092
2094
2095
2096
2097
2099
2100
2101
2102
2104
2105
2106
2108
2109
2110
2111
2112
2114
2115
2116
2119
2122
2123
2124
2125
2126
2127
2129
2130
2131
2134
2139
2140
2141
2144
2145
2146
2147
2148
2149
2150
2154
2156
2160
2161
2163
2164
2167
2169
2170
2173
2176
2177
2179
2180
2181
2183
2184
2185
2187
2190
2191
2192
2193
2195
2196
2197
2200
2202
2203
2206
2207
2208
2210
2211
2214
2215
2219
2220
2221
2222
2223
2226
2227
2228
2232
2235
2236
2238
2239
2241
2244
2246
2248
2250
2251
2256
2257
2258
2259
2260
2261
2262
2263
2264
2265
2266
2268
2269
2270
2271
2272
2273
2274
2275
2278
2279
2281
2285
2287
2288
2289
2290
2291
2292
2294
2295
2296
2297
2300
2301
2302
2304
2305
2307
2311
2316
2317
2319
2320
2322
2323
2324
2325
2326
2327
2328
2329
2330
2331
2332
2333
2334
2336
2337
2338
2340
2341
2342
2344
2347
2348
2349
2350
2352
2353
2355
2356
2357
2359
2360
2364
2365
2366
2367
2368
2375
2379
2380
2381
2383
2384
2385
2386
2389
2390
2391
2394
2396
2398
2399
2401
2402
2404
2405
2406
2407
2408
2410
2411
2412
2413
2414
2415
2416
2418
2419
2420
2421
2422
2426
2427
2429
2434
2435
2436
2438
2439
2441
2442
2443
2444
2447
2448
2449
2451
2452
2454
2457
2460
2461
2463
2465
2466
2467
2468
2469
2470
2471
2474
2477
2481
2482
2483
2484
2485
2486
2487
2488
2490
2491
2492
2493
2497
2498
2499
2500
2501
2502
2503
2507
2508
2511
2513
2514
2515
2516
2517
2519
2520
2523
2527
2528
2529
2530
2534
2535
2536
2537
2539
2540
2542
2544
2545
2550
2551
2553
2554
2558
2559
2560
2561
2562
2563
2566
2568
2570
2571
2573
2574
2575
2577
2578
2579
2582
2583
2587
2592
2593
2594
2596
2597
2598
2599
2600
2601
2602
2603
2606
2607
2609
2611
2612
2614
2615
2616
2618
2619
2620
2621
2622
2623
2624
2626
2627
2629
2634
2635
2637
2638
2641
2643
2644
2645
2652
2653
2654
2656
2657
2658
2661
2662
2663
2665
2666
2667
2670
2672
2676
2677
2683
2684
2685
2694
2695
2696
2697
2698
2699
2701
2703
2704
2706
2707
2710
2717
2722
2723
2724
2725
2727
2731
2734
2735
2736
2739
2741
2742
2744
2747
2749
2751
2759
2760
2761
2762
2763
2766
2768
2769
2770
2771
2772
2778
2779
2780
2781
2782
2784
2785
2787
2788
2789
2790
2798
2799
2800
2801
2806
2807
2808
2811
2812
2813
2815
2816
2817
2818
2824
2825
2827
2828
2829
2830
2831
2832
2833
2834
2835
2840
2841
2843
2845
2848
2850
2854
2855
2858
2860
2864
2865
2866
2870
2872
2873
2874
2876
2877
2879
2880
2882
2885
2886
2888
2889
2890
2894
2898
2900
2901
2902
2905
2906
2909
2910
2914
2915
2916
2917
2918
2923
2926
2927
2928
2929
2930
2932
2933
2934
2937
2938
2940
2942
2943
2945
2946
2947
2948
2949
2952
2956
2957
2958
2962
2963
2965
2966
2970
2973
2974
2976
2977
2979
2981
2982
2997
2999
3000
3002
3005
3006
3007
3010
3011
3013
3014
3016
3019
3020
3021
3023
3024
3025
3026
3028
3032
3034
3036
3041
3042
3043
3044
3046
3050
3066
3068
3069
3070
3071
3074
3075
3076
3077
3079
3081
3085
3090
3092
3093
3095
3097
3100
3102
3104
3105
3108
3110
3113
3119
3120
3121
3122
3124
3129
3130
3133
3134
3136
3139
3147
3149
3151
3152
3154
3158
3159
3160
3161
3162
3163
3164
3168
3169
3170
3174
3179
3180
3181
3185
3186
3190
3191
3193
3194
3195
3197
3199
3201
3202
3203
3206
3207
3208
3211
3212
3214
3215
3217
3223
3225
3226
3227
3228
3229
3230
3234
3235
3238
3242
3243
3248
3249
3253
3254
3257
3258
3259
3260
3264
3266
3271
3272
3273
3274
3276
3280
3281
3282
3283
3287
3289
3296
3297
3298
3300
3301
3302
3304
3305
3306
3307
3309
3310
3311
3312
3314
3315
3317
3318
3319
3325
3326
3330
3333
3335
3336
3340
3341
3342
3346
3347
3348
3349
3350
3351
3354
3355
3356
3357
3362
3363
3364
3366
3369
3370
3371
3379
3381
3386
3387
3388
3392
3394
3396
3397
3399
3403
3404
3405
3407
3408
3409
3412
3413
3414
3417
3418
3419
3423
3424
3425
3426
3427
3428
3429
3432
3433
3434
3436
3438
3439
3440
3441
3442
3443
3445
3446
3447
3448
3449
3452
3453
3454
3455
3456
3457
3458
3459
3461
3462
3463
3464
3468
3469
3474
3477
3478
3479
3480
3482
3483
3484
3487
3488
3489
3490
3493
3494
3498
3499
3501
3502
3507
3508
3510
3512
3513
3514
3516
3517
3518
3521
3522
3523
3524
3527
3531
3532
3534
3536
3538
3539
3541
3542
3543
3545
3546
3549
3551
3552
3554
3556
3558
3559
3562
3563
3566
3567
3570
3572
3573
3574
3577
3578
3583
3584
3585
3588
3589
3592
3594
3598
3600
3601
3602
3605
3607
3608
3610
3611
3612
3613
3614
3620
3623
3627
3628
3629
3630
3633
3634
3635
3636
3637
3638
3639
3640
3644
3645
3646
3648
3650
3651
3652
3653
3654
3655
3658
3659
3660
3661
3664
3666
3668
3669
3670
3675
3676
3677
3678
3681
3683
3685
3689
3690
3691
3699
3700
3702
3703
3704
3709
3713
3714
3715
3719
3720
3721
3724
3728
3730
3731
3733
3737
3739
3740
3741
3742
3743
3748
3751
3752
3753
3754
3755
3756
3760
3761
3766
3767
3769
3770
3771
3772
3774
3776
3780
3781
3783
3785
3786
3794
3795
3796
3799
3800
3801
3805
3806
3808
3814
3815
3819
3828
3829
3832
3834
3838
3847
3850
3856
3857
3858
3859
3863
3864
3867
3868
3869
3870
3872
3875
3877
3878
3880
3883
3886
3890
3891
3898
3900
3901
3905
3913
3914
3920
3922
3924
3925
3927
3928
3933
3934
3937
3938
3942
3945
3946
3948
3952
3961
3964
3969
3970
3971
3976
3977
3989
3995
3999
4000
4001
4003
4007
4012
10009
99999
