1
2
3
4
5
6
7
8
10
11
12
13
15
17
18
19
20
21
22
23
24
25
26
28
30
31
32
33
34
36
37
40
41
42
45
46
47
48
49
50
51
52
53
54
55
56
57
58
59
60
61
62
63
64
68
69
70
73
74
75
76
78
79
81
84
85
88
91
92
93
98
101
102
103
108
112
114
118
119
120
121
122
123
124
125
126
127
128
132
134
135
136
138
139
140
141
143
146
148
149
150
151
152
153
154
155
160
162
166
169
171
176
179
188
189
198
199
200
202
203
204
205
206
207
208
209
210
215
218
221
222
224
225
227
229
231
232
234
236
238
239
240
242
253
264
266
268
271
273
274
275
276
277
279
283
286
287
289
295
300
307
309
310
312
316
319
322
325
326
328
329
332
333
336
340
344
347
348
349
354
371
378
380
384
387
388
392
394
399
402
403
407
410
412
413
414
415
416
421
424
427
430
435
437
438
443
445
448
451
452
453
456
457
460
465
471
473
484
485
487
493
496
498
500
503
505
507
508
509
516
518
524
525
532
540
542
543
547
560
564
565
577
582
587
592
611
621
622
632
636
639
641
642
643
646
647
653
657
678
679
680
688
690
692
695
700
703
704
705
706
713
714
721
722
724
730
733
735
738
739
740
741
745
749
752
754
755
763
767
779
780
783
785
787
790
796
801
802
805
815
829
834
844
847
851
852
853
860
862
863
867
871
873
874
875
876
881
889
895
901
907
909
912
916
918
931
934
938
945
947
952
968
973
974
977
979
980
981
983
987
991
994
1004
1010
1011
1012
1020
1041
1044
1047
1057
1061
1086
1091
1094
1101
1106
1109
1116
1146
1151
1164
1167
1171
1197
1202
1209
1219
1235
1245
1247
1248
1254
1262
1277
1279
1280
1312
1328
1343
1344
1353
1358
1371
1380
1395
1396
1413
1417
1423
1427
1438
1446
1448
1456
1458
1472
1478
1483
1492
1522
1535
1539
1545
1547
1552
1570
1574
1576
1582
1584
1626
1642
1647
1648
1653
1658
1662
1665
1689
1695
1696
1721
1750
1752
1758
1759
1762
1771
1823
1828
1832
1834
1838
1854
1861
1904
1909
1910
1911
1931
1935
1975
1976
1985
2006
2007
2024
2040
2043
2050
2064
2087
2092
2093
2095
2097
2101
2116
2145
2149
2150
2154
2179
2191
2193
2251
2266
2279
2300
2322
2326
2342
2351
2366
2375
2384
2385
2390
2402
2420
2425
2435
2438
2439
2446
2448
2458
2484
2492
2529
2542
2550
2594
2617
2643
2714
2719
2734
2751
2779
2791
2874
2958
2981
3001
3005
3075
3092
3102
3105
3138
3167
3168
3203
3286
3363
3371
3387
3437
3439
3484
3494
3542
3589
3628
3649
3885
