5
11
15
16
18
19
26
27
28
31
42
61
75
80
82
86
88
125
141
142
143
148
151
160
161
165
167
170
186
189
202
234
244
246
251
253
259
272
277
283
287
295
321
344
345
349
350
360
392
408
443
455
457
466
475
481
522
524
532
541
556
557
567
581
611
633
647
653
658
680
696
719
723
763
777
786
795
809
821
825
826
832
838
844
845
870
876
881
905
917
922
923
925
942
948
962
969
977
986
1023
1048
1055
1089
1099
1147
1163
1214
1229
1237
1265
1332
1346
1385
1455
1471
1498
1508
1537
1570
1574
1577
1616
1634
1650
1679
1697
1712
1721
1750
1754
1755
1764
1768
1782
1793
1813
1826
1842
1850
1855
1861
1868
1877
1885
1898
1960
1961
1963
1989
2000
2014
2035
2046
2071
2095
2105
2108
2109
2110
2122
2130
2149
2161
2193
2200
2234
2300
2330
2332
2337
2367
2396
2406
2410
2422
2441
2460
2462
2465
2472
2486
2491
2503
2511
2540
2562
2563
2565
2570
2576
2592
2604
2674
2697
2824
2825
2838
2856
2868
2903
2905
2911
2938
2970
2972
3006
3008
3132
3186
3194
3218
3239
3240
3284
3302
3316
3356
3362
3400
3403
3406
3455
3460
3503
3504
3534
3555
3584
3633
3635
3643
3645
3649
3667
3685
3722
3730
3734
3750
3752
3766
3775
3794
3801
3814
3823
3844
3865
3867
3884
3896
3936
3940
10004
