1
2
3
4
5
6
7
8
9
10
11
12
13
14
15
16
17
18
19
20
21
22
25
26
27
28
31
32
33
34
37
40
41
42
45
46
47
48
49
50
51
54
55
56
59
62
63
66
67
69
70
72
74
75
76
78
81
82
83
84
85
86
88
91
93
102
103
105
109
121
123
124
125
127
128
129
130
132
134
136
138
146
148
150
151
152
155
159
160
162
165
167
168
169
171
172
173
176
178
179
188
189
190
195
198
200
202
204
205
206
207
208
213
215
217
219
221
222
223
224
227
235
236
237
238
239
250
252
253
258
268
269
271
278
283
284
287
289
290
292
295
297
303
307
310
322
329
332
337
338
339
340
341
347
354
355
377
378
380
382
383
386
387
392
395
399
402
405
407
410
412
416
417
424
426
430
433
435
436
443
449
450
451
452
465
468
470
475
485
490
493
516
518
525
526
528
535
540
542
543
545
547
551
556
560
567
582
584
621
636
638
642
645
650
652
658
669
675
678
679
686
688
692
695
696
697
700
703
704
713
719
720
721
761
769
771
772
793
795
799
811
814
836
849
852
856
863
864
874
875
881
884
896
901
904
907
908
910
914
918
925
934
947
950
968
973
977
978
983
986
987
993
994
995
1004
1014
1047
1048
1071
1091
1108
1155
1163
1186
1190
1197
1200
1219
1224
1242
1268
1277
1292
1293
1301
1313
1326
1331
1335
1339
1344
1347
1351
1352
1353
1371
1382
1387
1389
1391
1428
1482
1496
1497
1503
1504
1507
1534
1579
1581
1628
1636
1665
1669
1670
1685
1688
1736
1749
1760
1797
1823
1863
1913
1916
1944
1963
2008
2044
2055
2062
2064
2134
2143
2215
2275
2291
2328
2373
2385
2390
2392
2401
2402
2406
2422
2429
2439
2444
2461
2487
2491
2506
2536
2558
2636
2667
2704
2742
2892
2895
2914
2918
2948
2957
2962
2996
3014
3021
3046
3097
3163
3173
3201
3203
3243
3282
3305
3306
3307
3362
3377
3378
3528
3573
3607
3612
3615
3636
3728
3736
3953
3988
