1
2
3
5
6
10
11
13
14
15
17
18
20
22
25
28
33
37
41
42
45
49
53
54
55
56
57
68
72
74
75
80
85
91
93
94
97
102
103
108
115
121
127
128
131
134
135
138
142
146
149
150
151
169
174
188
198
200
206
221
229
231
238
239
240
287
305
312
322
329
332
337
348
354
365
378
394
399
402
403
406
410
416
417
432
435
443
456
473
475
485
486
488
493
496
502
514
517
523
542
546
547
560
564
581
587
588
605
621
632
647
650
652
659
684
688
721
735
741
743
745
746
753
754
763
771
774
778
787
797
803
815
834
851
853
862
864
874
875
877
880
882
887
901
907
909
919
935
947
956
961
962
968
975
983
994
1004
1011
1035
1045
1061
1130
1143
1147
1153
1200
1202
1211
1233
1235
1239
1249
1319
1345
1354
1383
1419
1423
1429
1438
1439
1443
1463
1482
1483
1518
1537
1539
1579
1590
1606
1642
1657
1664
1723
1751
1829
1834
1838
1851
1857
1861
1898
1928
1998
2035
2043
2054
2076
2092
2101
2104
2106
2115
2182
2188
2193
2203
2251
2258
2289
2290
2294
2296
2360
2385
2400
2471
2484
2517
2543
2561
2603
2608
2742
2799
2830
2858
2929
2935
2948
2954
2966
2968
2995
3008
3186
3229
3244
3312
3405
3418
3435
3486
3608
3651
3661
