1
3
4
5
7
8
9
11
12
14
15
18
19
20
21
22
23
25
26
27
28
29
31
33
39
40
42
46
48
49
50
51
53
55
56
57
58
62
70
72
74
85
88
89
90
92
102
104
122
124
128
129
136
138
140
141
146
151
152
155
160
166
167
169
189
190
191
199
200
203
205
206
207
210
215
223
225
231
232
239
253
268
273
280
283
297
300
322
334
338
342
344
346
348
349
371
387
392
399
407
416
435
448
468
503
516
560
622
696
706
707
739
778
787
791
818
836
847
852
876
946
981
993
1000
1019
1094
1114
1155
1163
1183
1291
1299
1358
1464
1524
1570
1669
2068
2096
2183
2337
2351
2385
2502
2563
2724
3163
3549
3825
