146
155
170
173
208
211
225
232
244
251
271
281
284
288
295
297
303
304
307
308
341
346
348
352
353
355
359
362
379
380
381
384
431
432
449
460
535
588
604
622
631
635
641
642
676
677
703
705
706
707
715
716
729
731
732
745
855
895
900
901
911
919
933
981
1032
1146
1157
1166
1172
1206
1244
1261
1286
1348
1352
1357
1381
1396
1429
1472
1476
1483
1500
1570
1586
1600
1603
1622
1628
1656
1670
1724
1756
1797
1804
1825
1845
1865
1912
1993
2013
2034
2043
2069
2080
2102
2166
2227
2241
2254
2276
2286
2296
2336
2349
2353
2408
2424
2502
2526
2590
2642
2671
3242
3369
3391
3408
3484
3508
3709
3815
3822
3829
3885
10006
10008
