204
479
681
800
816
829
845
869
906
949
970
1291
1534
1566
1601
1617
1620
1625
1638
1761
1849
1862
1863
1925
1952
1956
1958
1995
1999
2014
2018
2025
2044
2048
2081
2094
2122
2151
2162
2171
2198
2212
2232
2234
2240
2242
2249
2259
2261
2272
2306
2309
2310
2367
2397
2417
2427
2437
2440
2443
2468
2552
2605
2708
2735
2749
2761
2763
2765
2768
2778
2800
2843
2844
2860
2928
2929
2934
2947
2951
2959
2970
2975
3001
3010
3020
3025
3027
3044
3091
3114
3127
3132
3139
3197
3200
3234
3256
3257
3265
3267
3272
3309
3345
3371
3380
3389
3398
3403
3404
3411
3434
3435
3440
3445
3470
3480
3483
3499
3503
3514
3546
3548
3566
3574
3588
3630
3664
3713
3720
3722
3734
3745
3751
3765
3784
3799
3804
3825
3827
3830
3833
3872
3880
3886
3890
3910
3937
3944
3953
3954
3955
3969
