1
3
4
5
6
8
11
12
13
14
15
16
17
19
20
21
22
23
25
29
30
31
32
33
34
36
37
39
40
41
42
44
45
46
47
48
49
50
53
54
56
70
71
75
76
78
79
84
85
88
89
91
93
96
97
98
102
105
108
109
113
115
121
123
124
125
126
127
128
131
134
135
136
139
140
141
143
144
146
152
155
162
165
167
169
173
179
189
197
199
200
202
206
207
208
210
213
215
220
221
224
227
229
231
233
238
239
240
253
255
260
264
268
269
271
277
283
286
287
289
295
297
300
301
304
312
322
323
329
331
332
336
337
339
347
353
355
359
362
366
367
370
380
390
392
394
396
403
416
417
424
427
433
437
438
443
451
452
460
465
468
472
473
480
486
498
502
518
524
526
528
532
535
538
543
545
547
556
560
564
567
572
605
617
621
622
628
630
636
646
647
652
658
664
678
687
692
694
696
697
698
703
704
711
713
716
721
724
727
730
735
739
740
743
752
759
761
767
768
772
778
779
780
787
792
811
815
820
829
833
837
844
846
847
853
855
862
863
869
871
875
881
884
886
894
895
904
909
911
924
934
940
945
973
974
979
981
987
991
992
994
1004
1008
1010
1011
1043
1045
1046
1047
1051
1061
1089
1094
1110
1143
1150
1151
1152
1155
1164
1167
1200
1209
1219
1221
1235
1244
1245
1268
1283
1297
1309
1315
1319
1326
1328
1335
1343
1344
1353
1358
1423
1438
1451
1456
1463
1481
1482
1483
1485
1497
1522
1546
1552
1576
1602
1603
1620
1626
1642
1649
1650
1653
1657
1659
1669
1672
1689
1700
1701
1710
1718
1751
1755
1768
1797
1834
1836
1839
1848
1865
1905
1910
1944
1962
2008
2025
2033
2035
2054
2062
2064
2065
2068
2077
2127
2131
2136
2149
2193
2215
2218
2231
2249
2283
2290
2299
2303
2340
2345
2352
2361
2366
2369
2380
2385
2386
2408
2415
2432
2434
2444
2447
2451
2458
2472
2488
2502
2515
2534
2539
2551
2563
2571
2592
2593
2603
2616
2659
2749
2812
2856
2858
2865
2866
2867
2918
2921
2938
2946
2957
2964
2992
3035
3125
3135
3163
3170
3171
3193
3195
3197
3200
3228
3286
3295
3313
3351
3366
3375
3377
3398
3399
3403
3413
3453
3478
3488
3540
3604
3607
3613
3634
3655
3820
3893
