3
5
6
8
10
12
13
14
17
20
22
28
30
32
38
43
44
49
58
65
67
68
71
72
76
79
87
91
93
97
115
125
126
127
131
132
139
140
151
159
161
165
166
168
171
179
186
187
205
208
211
212
214
224
227
241
242
243
244
245
246
247
248
249
257
266
267
269
271
273
282
288
290
291
293
297
299
301
306
316
318
320
331
332
336
340
344
345
358
383
385
387
388
389
392
394
395
399
402
405
408
409
411
412
415
418
420
423
424
425
428
433
434
438
439
443
449
451
459
466
467
468
471
472
474
481
482
484
488
499
500
504
514
516
520
521
522
524
527
535
536
537
539
541
544
551
555
556
557
564
567
583
588
591
592
599
604
606
609
616
631
635
639
640
642
647
648
649
657
664
676
677
678
680
681
686
691
692
696
709
712
720
721
722
726
727
730
734
736
737
745
748
751
752
753
756
758
761
763
767
770
771
772
777
784
791
792
796
800
804
806
809
811
816
819
820
821
824
828
830
831
833
838
839
842
843
844
848
854
856
859
880
884
890
893
899
902
903
906
916
917
921
925
926
929
936
937
940
942
943
944
949
953
955
960
966
972
981
984
988
990
1002
1003
1016
1021
1023
1028
1032
1041
1044
1047
1048
1055
1058
1061
1062
1065
1071
1078
1079
1081
1087
1092
1096
1100
1106
1108
1111
1119
1138
1143
1147
1152
1153
1154
1156
1160
1163
1165
1166
1169
1170
1177
1178
1180
1181
1189
1190
1202
1208
1209
1216
1221
1233
1234
1236
1239
1247
1249
1255
1256
1257
1258
1268
1271
1278
1286
1297
1307
1309
1312
1316
1320
1324
1328
1332
1347
1348
1358
1360
1366
1370
1371
1374
1392
1396
1397
1400
1404
1405
1408
1410
1415
1416
1417
1418
1419
1422
1427
1433
1436
1446
1447
1451
1452
1455
1456
1461
1487
1496
1505
1507
1513
1520
1525
1528
1529
1531
1540
1541
1542
1544
1545
1548
1554
1556
1573
1576
1578
1585
1592
1593
1597
1598
1604
1614
1616
1618
1624
1625
1629
1638
1639
1647
1653
1657
1662
1663
1668
1678
1682
1684
1689
1694
1698
1702
1704
1717
1736
1737
1745
1750
1754
1758
1759
1763
1768
1769
1771
1772
1773
1781
1784
1790
1794
1796
1804
1805
1807
1812
1813
1816
1830
1832
1839
1842
1844
1849
1850
1857
1858
1859
1864
1869
1871
1876
1880
1881
1888
1896
1897
1898
1903
1904
1910
1915
1927
1930
1933
1935
1941
1945
1946
1948
1957
1960
1961
1963
1967
1974
1977
1980
1985
1987
2000
2002
2011
2014
2019
2023
2024
2027
2030
2038
2042
2047
2052
2053
2055
2056
2060
2062
2063
2067
2068
2075
2083
2085
2086
2096
2103
2108
2109
2114
2115
2116
2120
2124
2125
2129
2131
2135
2138
2147
2156
2157
2166
2167
2168
2182
2185
2186
2193
2194
2207
2209
2211
2213
2222
2223
2224
2227
2232
2243
2246
2255
2259
2262
2264
2266
2268
2269
2272
2273
2278
2283
2284
2287
2288
2296
2299
2301
2306
2307
2309
2311
2315
2325
2330
2337
2343
2351
2353
2370
2375
2379
2380
2381
2384
2390
2391
2399
2405
2408
2409
2414
2416
2418
2423
2430
2434
2437
2446
2450
2451
2452
2456
2468
2472
2478
2483
2484
2486
2489
2490
2496
2506
2512
2514
2515
2516
2522
2531
2539
2546
2559
2564
2565
2573
2575
2586
2590
2606
2609
2645
2663
2678
2696
2697
2707
2710
2712
2716
2719
2730
2734
2743
2744
2746
2767
2781
2785
2788
2800
2801
2802
2810
2825
2828
2833
2839
2840
2842
2844
2851
2864
2868
2896
2900
2901
2904
2911
2914
2933
2937
2938
2942
2947
2949
2950
2953
2955
2957
2976
2977
2981
2982
2983
2999
3003
3006
3008
3014
3016
3019
3029
3031
3035
3042
3043
3045
3076
3078
3081
3083
3084
3085
3088
3090
3093
3104
3106
3110
3114
3119
3120
3121
3125
3135
3136
3137
3138
3143
3144
3146
3163
3167
3168
3170
3174
3210
3211
3213
3216
3223
3227
3228
3234
3248
3258
3260
3261
3271
3274
3279
3280
3291
3292
3295
3297
3298
3302
3303
3305
3306
3316
3320
3324
3325
3327
3329
3330
3331
3333
3335
3337
3340
3343
3348
3352
3361
3365
3387
3389
3399
3403
3406
3407
3412
3435
3438
3441
3442
3443
3445
3448
3455
3456
3458
3460
3461
3463
3472
3474
3481
3484
3485
3491
3498
3499
3501
3503
3504
3517
3518
3519
3522
3527
3529
3541
3545
3556
3557
3561
3563
3571
3579
3581
3582
3597
3598
3602
3606
3612
3614
3615
3628
3662
3664
3666
3675
3692
3694
3696
3703
3706
3707
3713
3714
3720
3734
3735
3744
3746
3749
3750
3756
3758
3760
3773
3775
3777
3781
3784
3794
3798
3799
3800
3803
3805
3813
3816
3817
3823
3838
3839
3841
3844
3846
3849
3853
3856
3860
3863
3864
3884
3889
3894
3900
3913
3921
3922
3926
3931
3941
3952
3955
3968
3970
10007
