23
215
218
239
253
264
272
295
332
347
355
358
373
378
407
420
451
480
499
502
505
506
621
630
632
642
658
659
675
683
692
703
743
759
767
778
786
787
855
857
862
871
882
912
973
1046
1054
1057
1086
1094
1102
1135
1167
1168
1172
1183
1199
1263
1268
1337
1338
1353
1354
1368
1383
1388
1405
1424
1425
1438
1439
1464
1488
1499
1500
1514
1606
1631
1642
1648
1675
1686
1687
1696
1705
1724
1738
1753
1776
1786
1792
1801
1810
1825
1834
1845
1851
1878
1882
1912
1942
1962
1985
2015
2034
2054
2093
2099
2102
2146
2163
2182
2203
2208
2231
2233
2254
2263
2285
2290
2333
2335
2336
2342
2343
2344
2349
2353
2357
2386
2398
2402
2406
2424
2454
2456
2462
2473
2497
2500
2503
2512
2530
2532
2542
2551
2558
2577
2593
2599
2611
2617
2642
2662
2679
2699
2714
2737
2762
2812
2813
2931
2940
2944
2959
2969
2973
2974
3013
3049
3066
3080
3081
3092
3112
3123
3170
3264
3266
3275
3286
3296
3318
3321
3341
3342
3362
3369
3377
3391
3408
3422
3462
3476
3478
3505
3506
3507
3510
3572
3594
3604
3607
3620
3645
3650
3691
3711
3763
3767
3780
3781
3815
3885
3928
3935
3947
3970
3977
