1
2
3
10
14
16
20
21
23
24
27
28
31
34
35
39
40
42
44
45
48
49
53
56
68
79
84
88
121
122
128
131
137
139
142
143
146
148
151
153
155
177
179
189
199
200
211
226
229
235
236
239
240
242
253
297
300
347
353
354
359
362
366
383
410
417
432
435
443
452
460
523
560
605
658
664
692
729
735
741
757
787
802
874
875
881
904
909
930
947
951
956
977
980
986
994
1010
1048
1094
1123
1141
1146
1160
1166
1242
1257
1268
1307
1326
1334
1341
1348
1366
1381
1432
1644
1650
1676
1752
1760
1769
1792
1797
1910
1922
1944
1970
2034
2038
2039
2093
2166
2193
2220
2239
2263
2353
2380
2402
2406
2448
2463
2484
2530
2559
2561
2574
2577
2598
2630
2639
2680
2697
2858
2901
2933
2939
2948
2959
2975
2976
2977
3000
3026
3035
3167
3168
3346
3541
3552
3649
3820
3953
