1
3
4
5
8
9
11
14
15
17
19
21
22
25
26
28
32
33
34
36
39
40
41
46
48
49
50
53
54
55
56
61
62
69
70
72
75
79
83
88
92
98
102
103
110
121
123
125
126
128
134
135
138
143
145
146
151
152
155
169
189
200
206
209
213
215
224
234
236
237
239
252
253
273
300
322
327
332
347
351
371
387
399
402
452
493
496
503
509
518
524
525
539
556
560
619
692
705
735
739
740
752
763
767
783
796
824
844
876
881
907
909
922
936
941
991
992
1004
1008
1049
1143
1155
1186
1200
1209
1217
1268
1306
1308
1321
1326
1328
1344
1464
1470
1481
1529
1539
1594
1626
1658
1909
1964
1975
2024
2035
2043
2064
2149
2152
2215
2276
2349
2395
2432
2433
2444
2446
2491
2563
2607
2807
2949
3144
3531
3635
