1
3
4
5
6
7
11
12
13
14
15
16
17
19
20
21
22
23
24
25
26
27
29
31
32
33
36
38
39
40
41
42
44
46
48
49
50
52
53
54
55
56
57
58
61
63
64
66
67
69
70
71
72
73
74
75
76
78
79
80
81
84
90
91
92
102
103
104
105
106
110
113
114
115
116
118
120
121
122
123
124
125
127
128
132
134
135
136
138
139
141
146
152
153
155
162
166
168
169
173
179
183
189
197
198
199
200
205
206
207
208
209
210
213
215
224
227
230
233
234
235
236
238
239
242
253
256
264
268
269
271
274
278
279
280
283
287
295
297
300
303
305
312
314
315
316
322
328
329
332
338
340
341
347
353
355
357
362
373
375
376
378
387
392
394
395
400
402
407
412
416
432
438
442
443
450
451
460
480
490
496
498
499
503
510
515
518
525
532
543
545
546
547
550
556
557
560
564
567
579
580
605
621
626
628
647
651
652
653
658
665
684
692
694
696
697
698
701
704
706
713
716
730
735
739
740
743
746
752
763
780
784
785
787
815
818
841
849
860
867
870
875
876
881
907
909
912
933
939
973
981
983
987
992
994
1000
1011
1026
1034
1041
1052
1071
1086
1091
1122
1143
1164
1167
1174
1192
1197
1200
1209
1233
1238
1249
1251
1255
1268
1280
1282
1283
1285
1296
1329
1330
1334
1352
1353
1356
1413
1423
1473
1475
1481
1482
1486
1493
1517
1540
1557
1574
1642
1648
1664
1679
1696
1751
1762
1769
1799
1800
1823
1824
1831
1910
1926
1962
1972
1977
2006
2022
2035
2038
2071
2072
2127
2131
2134
2150
2179
2300
2352
2402
2406
2423
2449
2461
2541
2592
2933
2965
3005
3090
3179
3191
3193
3366
3439
3512
3532
3573
3692
3696
