1
3
4
7
12
14
15
19
20
25
30
46
49
51
55
56
62
63
68
70
75
78
84
88
90
100
120
121
122
123
129
146
151
155
160
178
189
198
202
208
239
242
283
287
300
315
322
349
380
392
394
399
402
408
412
450
452
496
503
516
532
554
560
567
636
647
692
697
713
724
726
735
739
767
787
844
845
875
881
977
1011
1046
1048
1070
1071
1143
1170
1190
1200
1209
1283
1326
1331
1357
1395
1456
1481
1507
1557
1636
1669
1752
1877
1880
1921
1922
1952
2208
2623
2680
2734
2895
2957
3025
3178
3201
3223
3366
3713
3787
3853
3893
