94
95
96
98
99
100
101
102
103
104
105
106
107
108
109
110
111
112
113
114
116
117
124
129
144
145
156
173
199
222
226
230
235
236
250
255
257
270
272
285
297
298
314
331
333
337
366
404
426
431
437
449
450
501
508
510
513
515
530
536
538
543
545
549
563
572
606
617
623
637
652
653
654
655
662
663
666
669
671
687
700
701
703
742
776
783
814
863
865
872
889
894
897
919
938
951
958
965
968
971
979
987
988
993
998
1008
1022
1026
1028
1038
1080
1104
1110
1120
1123
1145
1161
1214
1261
1302
1305
1315
1325
1339
1361
1367
1372
1373
1379
1382
1430
1448
1457
1469
1485
1530
1569
1586
1597
1602
1609
1612
1628
1644
1650
1660
1666
1676
1740
1902
1932
1973
2005
2049
2096
2196
2236
2265
2313
2331
2385
2415
2445
2458
2471
2476
2509
2583
2641
2673
2689
2764
2773
2792
3157
3319
3526
3831
3879
3902
