1
2
3
4
5
6
7
8
9
10
11
12
13
14
15
16
18
19
20
21
22
25
26
27
28
29
30
31
32
33
34
35
36
39
40
41
42
44
46
48
49
50
51
53
54
55
56
57
61
62
64
66
67
69
70
72
73
74
75
76
77
78
80
84
85
88
90
91
92
94
98
101
102
103
104
107
110
111
113
118
120
121
122
123
124
125
128
131
132
134
135
136
137
141
142
143
144
145
146
150
151
152
153
154
155
160
162
166
167
169
171
175
176
179
181
182
185
188
189
191
196
197
198
200
201
202
203
204
205
206
207
209
210
213
215
217
218
224
227
229
231
232
234
237
238
239
242
258
268
273
278
279
282
283
289
300
303
309
312
315
319
322
328
329
337
338
343
344
345
347
349
365
367
368
372
376
387
392
394
396
403
410
413
417
424
435
450
452
455
457
459
460
462
481
491
501
507
509
511
516
518
523
525
532
541
542
556
557
560
566
577
583
594
605
621
628
633
643
645
653
658
662
678
680
689
693
701
704
709
713
714
728
735
739
740
741
752
763
767
778
785
795
799
807
813
831
840
841
852
853
860
862
869
871
875
876
883
901
907
912
918
921
926
937
945
971
976
977
978
983
987
992
994
1001
1004
1005
1009
1011
1027
1029
1035
1048
1049
1061
1068
1081
1089
1094
1103
1124
1143
1144
1148
1155
1175
1186
1193
1217
1221
1235
1248
1251
1262
1290
1312
1328
1335
1338
1341
1376
1378
1388
1392
1423
1431
1456
1470
1473
1480
1484
1498
1502
1512
1518
1524
1526
1540
1552
1614
1646
1657
1658
1661
1662
1668
1684
1691
1703
1710
1749
1752
1757
1758
1768
1769
1781
1790
1798
1819
1822
1838
1846
1855
1856
1872
1910
1911
1922
1929
1946
1953
1963
1987
2002
2035
2054
2078
2104
2105
2108
2127
2133
2144
2149
2161
2163
2169
2187
2206
2218
2233
2235
2236
2251
2256
2258
2259
2265
2279
2281
2289
2311
2338
2348
2382
2385
2389
2390
2418
2425
2445
2448
2457
2461
2463
2470
2478
2503
2530
2537
2564
2597
2612
2615
2621
2626
2653
2667
2680
2760
2765
2812
2827
2829
2834
2872
2874
2877
2881
2895
2915
2940
2948
2951
2962
2974
3010
3043
3108
3110
3165
3184
3190
3211
3312
3336
3442
3449
3457
3464
3467
3474
3488
3517
3539
3541
3575
3599
3600
3609
3637
3640
3651
3653
3655
3660
3661
3666
3671
3689
3702
3719
3731
3845
3897
3901
3914
3920
3939
3962
3971
3987
